0.1 5.516339625448282 2.6224899168351725 2.571427471588658 0 0 0 1
0.2 6.160923306189117 3.6116605446067562 -12.44190185576035 0 0 0 1
0.3 14.859319290704239 2.222217958890942 4.822493647382281 0 0 0 1
0.4 5.5413315909978245 4.374264783020364 18.04366576472035 0 0 0 1
0.5 6.835362247152585 -2.2742165112475297 1.0287550722013465 0 0 0 1
0.6 7.454673485369485 -1.8068957611057688 1.7253513458415641 0 0 0 1
0.7 28.502503819059214 5.8120483200829 9.429970275531216 0 0 0 1
0.8 13.738049710928628 6.415187091105167 -14.894039376452245 0 0 0 1
0.9 22.497055804251083 6.122532504774968 -1.9339381744643624 0 0 0 1
1.0 24.912515177253745 1.8833764649884923 14.601618768305563 0 0 0 1
1.1 29.214518739742513 -2.7297804298480237 -5.362721514667477 0 0 0 1
1.2 29.261656943644763 -2.3266930469570397 18.321370112288562 0 0 0 1
1.3 28.187096381796273 6.084303265814803 2.7038851257203795 0 0 0 1
1.4 20.707569216633793 -4.147672164788141 -4.044462062204589 0 0 0 1
1.5 23.149664851322935 -3.068639728223265 -6.29603963609627 0 0 0 1
1.6 29.169041220837315 0.012460209888730311 0.3842021597351568 0 0 0 1
1.7 37.81605400277198 0.7969235548088474 8.345549589050648 0 0 0 1
1.8 39.69898210654472 -6.791578574358926 0.7403461872934187 0 0 0 1
1.9 40.36106825401922 1.4927412060436671 -5.888320018605379 0 0 0 1
2.0 39.34189248629932 4.9088421817824495 8.35498928698568 0 0 0 1
2.1 48.20349421236911 4.978870714359078 -13.394411989287685 0 0 0 1
2.2 48.28682094920484 7.558049536335547 -13.38242712161806 0 0 0 1
2.3 53.490914526235855 8.128353185416357 -6.158675996663639 0 0 0 1
2.4 47.594540954231746 2.2782871688153037 3.350765108656944 0 0 0 1
2.5 49.632500581888394 0.46392305772699327 -5.96034257946587 0 0 0 1
2.6 52.87953406220289 -5.730448171573839 0.5222463872167005 0 0 0 1
2.7 57.28542219642188 3.4411766777988504 3.9228771166951937 0 0 0 1
2.8 57.26977904510045 -4.204137561249795 -7.581110631286016 0 0 0 1
2.9 64.08968482161987 -0.6848990076474966 -12.413739723631128 0 0 0 1
3.0 75.61902390071751 1.0823093349555393 -5.705259947025965 0 0 0 1
3.1 74.20281352466311 1.7481188235074043 8.30124995991467 0 0 0 1
3.2 66.96480385716968 1.5071883568848783 -4.368815931154739 0 0 0 1
3.3 73.49284451714959 -12.505045294658709 1.3162909648359005 0 0 0 1
3.4 71.90142626968142 0.4380366108247795 5.6110894548422365 0 0 0 1
3.5 65.75345565751574 -9.275089292456272 -2.2172923854717297 0 0 0 1
3.6 71.68155005706346 8.184185118681729 -1.4730517525230198 0 0 0 1
3.7 80.20768029965906 -9.177264397459046 -5.963781881491826 0 0 0 1
3.8 77.44630512395663 6.20599469387777 9.478063003404326 0 0 0 1
3.9 80.77001689783654 -0.6389100894218274 2.1301203779088524 0 0 0 1
4.0 88.59391268018277 1.4347168361407228 -9.370507701245693 0 0 0 1
4.1 85.8846307615154 1.123162218160621 -12.200627144737332 0 0 0 1
4.2 91.81443126382926 5.556596523482044 7.763603277733054 0 0 0 1
4.3 95.66706201210074 3.5286246627214446 4.244554897925347 0 0 0 1
4.4 91.21982674354781 -6.0825153351386945 1.7516133347798686 0 0 0 1
4.5 97.66162896704111 -7.267382321296253 -7.172047910747942 0 0 0 1
4.6 100.21462243384798 -4.30123919205117 -2.035306158396466 0 0 0 1
4.7 103.03171171867837 -2.448398667727261 -1.5861961024751494 0 0 0 1
4.8 97.0571983854244 -7.378472356221639 -4.452550257067614 0 0 0 1
4.9 107.36245648594553 -3.952964130107965 1.8258264526938888 0 0 0 1
5.0 113.7563049513128 -6.424065666724154 -2.2503306638495175 0 0 0 1
5.1 112.28350506225738 0.8909566057714997 -3.1340463216426926 0 0 0 1
5.2 112.7874197179828 8.529328973338492 -5.2424669292022585 0 0 0 1
5.3 130.1225654278316 -3.2492592668835023 2.5286611068949583 0 0 0 1
5.4 120.48899188345882 3.511370273797958 -8.096271703836948 0 0 0 1
5.5 121.68812201600218 -6.290785175752799 5.181642906017132 0 0 0 1
5.6 129.93935216919857 4.292242343646752 -1.3115481106057487 0 0 0 1
5.7 133.1580179733853 8.938483171730379 -1.6200360865653565 0 0 0 1
5.8 132.4694130179922 -4.708751407106352 10.868161222959408 0 0 0 1
5.9 140.39400372348553 -2.5312526899368564 -7.313216531917185 0 0 0 1
6.0 135.06244703561467 7.684579539811395 5.7108790119740505 0 0 0 1
6.1 132.68377864451102 -2.456624124802236 -5.927801741501639 0 0 0 1
6.2 147.06821529707807 -4.555309155070443 5.241621694944541 0 0 0 1
6.3 147.17784422502464 -3.9212126788259845 0.5672731997378833 0 0 0 1
6.4 140.35379885973572 -0.08657677481994241 -6.7237634069330525 0 0 0 1
6.5 160.11838609537355 -5.977347530610356 -5.208087836935533 0 0 0 1
6.6 153.83948577231774 -8.495930315910567 -4.976356091730274 0 0 0 1
6.7 160.58907949431457 5.195148274106444 4.008158999428304 0 0 0 1
6.8 160.9146762475753 -1.8762722105511003 1.6870897793644275 0 0 0 1
6.9 164.1810496781137 2.6977485495507523 17.642129129662266 0 0 0 1
7.0 156.9782833644868 -0.34857493239044857 5.2466223678499375 0 0 0 1
7.1 169.37276814385268 4.441064659321345 -3.9625092685757295 0 0 0 1
7.2 171.44859037851293 -1.6916288807815931 4.456655184173357 0 0 0 1
7.3 171.30086313790326 -1.1780193623008905 -7.954648187538581 0 0 0 1
7.4 172.5306529479682 -0.729333045682754 -5.792578877950163 0 0 0 1
7.5 182.70272067113171 -4.543268855437937 0.5933340760424102 0 0 0 1
7.599999999999999 177.08126890949444 -2.7040620512306717 5.47478452550159 0 0 0 1
7.7 186.50533851021802 5.094183302597628 1.9083506814626219 0 0 0 1
7.8 188.97466394011184 3.841951157360473 -15.881380153205583 0 0 0 1
7.9 196.26298135808773 3.8140547368245805 10.134788126459924 0 0 0 1
8.0 198.26107674673054 -4.310732651216355 9.69061269497179 0 0 0 1
8.099999999999998 196.64605576749855 -2.0055760653423462 6.815429662551026 0 0 0 1
8.199999999999998 193.7958056973565 -3.2698191084161294 0.22439118706432737 0 0 0 1
8.3 201.4540677802467 0.6105699709825387 -2.520130734487907 0 0 0 1
8.4 209.99573079880312 3.7125404507837203 2.895364486257108 0 0 0 1
8.5 209.34957555034993 -4.490392841078588 -2.3049339158998947 0 0 0 1
8.599999999999998 207.55032517151704 -5.717948219008292 -8.712331606120685 0 0 0 1
8.699999999999998 204.94863301704592 -4.581296301345773 7.249774248220106 0 0 0 1
8.8 211.44608964887982 -2.908552909840637 -5.617685974494933 0 0 0 1
8.9 204.85137956047456 3.36250737298824 1.8671822826044888 0 0 0 1
9.0 212.00072889340018 -0.17239834737775084 8.271340570863046 0 0 0 1
9.1 218.2098740672884 -3.057678262178655 1.0361555575817505 0 0 0 1
9.2 220.09576745630204 1.5085550183784306 8.312340534438846 0 0 0 1
9.3 226.5669907954201 -1.7020259820515378 6.413327842028906 0 0 0 1
9.4 223.9907704390609 -5.515509128828334 -0.7717030740171538 0 0 0 1
9.5 246.49880080075496 -2.8591661425625645 4.390683413854347 0 0 0 1
9.6 239.78341475542314 -2.7755175850670426 10.117558863857525 0 0 0 1
9.7 241.72499501210507 -0.9560640879243394 -0.6253044210405108 0 0 0 1
9.8 232.0843477997218 -1.89263906604603 -0.7088029207948949 0 0 0 1
9.9 247.90033831587613 7.821471873869726 -0.335697842506562 0 0 0 1
10.0 237.73411701572041 0.3811658440409289 -3.9313719170323225 0 0 0 1
10.1 257.2814754278341 -5.776368369230781 4.0203022770349435 0 0 0 1
10.2 258.4544749240362 2.542823123561867 -1.4708146714565657 0 0 0 1
10.3 260.95374159737173 -0.6487253365061889 -7.335953591691251 0 0 0 1
10.4 255.3854780169532 1.6966911313471584 -10.409807779422707 0 0 0 1
10.5 263.16260844584303 -1.5083669449274666 3.987734661091338 0 0 0 1
10.6 267.8835602563207 0.45456525553532146 -3.3799239120136946 0 0 0 1
10.7 268.66510703716693 -0.8943450184259945 4.609808991573317 0 0 0 1
10.8 277.390599349911 -4.314532183746081 -6.579799546025029 0 0 0 1
10.9 276.92810752604 3.1209879178669553 -9.743179312810938 0 0 0 1
11.0 288.83646911495003 7.96734367963937 7.038641985200016 0 0 0 1
11.1 286.38896581189084 -7.645616244330888 5.730137986084628 0 0 0 1
11.2 294.70875597635586 0.05039436813677867 -2.431561345350616 0 0 0 1
11.3 293.23167994081285 -0.9482778981416544 3.9614291352632023 0 0 0 1
11.4 296.19259253254666 -2.669787813410089 4.834235651654723 0 0 0 1
11.5 295.18123756687527 3.9056060158212844 8.585840497575816 0 0 0 1
11.6 299.3136021862032 1.9170122586292209 0.45912612580926293 0 0 0 1
11.7 301.9930258324497 4.358424129635765 4.978603703659218 0 0 0 1
11.8 299.0552454458509 1.4880959988934777 8.802947818767109 0 0 0 1
11.9 311.05215294637253 8.007855551432058 -2.107767625630686 0 0 0 1
12.0 307.4964483933035 0.6707410854471476 -5.246858654821722 0 0 0 1
12.1 310.68443277557657 -6.016529966429616 8.637086066549472 0 0 0 1
12.2 319.52785237999933 0.777926698969793 5.942054859377379 0 0 0 1
12.3 316.3560861669339 -8.478362802467117 20.543985746097036 0 0 0 1
12.4 325.22144656733565 1.6629600343568214 -5.557586808804899 0 0 0 1
12.5 323.1640604658505 -1.994623317002734 -1.348352863439402 0 0 0 1
12.6 339.58260695683026 4.495120866348998 9.399187822578853 0 0 0 1
12.7 334.08911864886426 -0.15005256338343997 -0.4226901539958874 0 0 0 1
12.8 347.64942384883506 -2.8360972288176782 2.4418346546463 0 0 0 1
12.9 328.8283518103341 -10.576166678803013 5.844165964880688 0 0 0 1
13.0 340.06015738070175 -1.1442248624137363 7.983156604186348 0 0 0 1
13.1 346.8454332956869 0.8746462535811332 9.824641347788543 0 0 0 1
13.2 348.67238155726363 1.859660861554957 -2.263084288848262 0 0 0 1
13.3 358.23336346393256 0.4838081446845024 -0.7783159370084718 0 0 0 1
13.4 355.69896058994533 2.6235489686621065 -5.473508662393954 0 0 0 1
13.5 362.813350145587 4.768355876699417 -7.223175060553871 0 0 0 1
13.6 366.2284471979483 -4.685791928258496 10.528732151195783 0 0 0 1
13.7 370.46818569823887 2.25885041262066 3.2691159042547326 0 0 0 1
13.8 372.7781388526709 -10.5828883485989 -5.178184996580001 0 0 0 1
13.9 365.11606950712235 -6.815001061227889 0.4598249356833435 0 0 0 1
14.0 378.03352879865025 9.336747470343155 -9.084517358873086 0 0 0 1
14.1 381.44600957262526 -0.7947772505315811 -1.845349576423871 0 0 0 1
14.2 388.6688227686258 -4.296462858520627 2.7081867831995226 0 0 0 1
14.3 387.49423035854477 -15.446881363708385 1.3313679248940105 0 0 0 1
14.4 393.50594498452 -3.295820473131471 0.5555144626963511 0 0 0 1
14.5 384.94081008419937 5.788478196756671 -4.92175778554531 0 0 0 1
14.6 393.23798517148094 -0.04572500392157508 9.487927844447825 0 0 0 1
14.7 403.1832859104037 1.3714664777027679 -1.5786072546590901 0 0 0 1
14.8 404.9801587701585 3.06358711695313 -2.5728614053469414 0 0 0 1
14.9 408.14803642567983 4.502098814123187 -0.5029162543210646 0 0 0 1
15.0 409.0972414039999 2.5259280366424406 0.3369453954318544 0 0 0 1
15.1 422.1230898681253 1.1288187147173545 3.2382750194138907 0 0 0 1
15.2 417.88743071791174 7.918611900299425 10.753044356907509 0 0 0 1
15.3 435.076522851012 -6.749046214492793 19.196305312820073 0 0 0 1
15.4 421.60191851044624 -1.4780194799594852 9.341290295369447 0 0 0 1
15.5 429.1532785057447 1.8606837114170531 -7.875515322385098 0 0 0 1
15.6 437.47825286781466 -7.285136371872682 4.237382431342951 0 0 0 1
15.7 440.9710154955276 -2.3094897122121125 2.0278186117859605 0 0 0 1
15.8 438.6691727534708 2.0537065422051484 8.161614999380475 0 0 0 1
15.9 447.965586114974 0.31831867031991123 1.0549685826017594 0 0 0 1
16.0 444.38451776362893 -0.7612897167031178 -0.7673877672505114 0 0 0 1
16.1 453.76255218886126 0.6474777431563155 -2.6416392928521475 0 0 0 1
16.2 441.1941010207838 11.212290997108482 -0.7059153944447019 0 0 0 1
16.3 457.00103797292104 -0.8150859334646441 10.795928007418325 0 0 0 1
16.4 472.9445259089484 0.538117248729904 -6.025421018932974 0 0 0 1
16.5 466.728182649624 -6.81378361192094 10.513106739126187 0 0 0 1
16.6 465.6070864407795 -2.312857908765494 3.6534381065034154 0 0 0 1
16.7 480.7869565412086 0.7618471100042967 -8.333594031468323 0 0 0 1
16.8 473.23111404091156 8.664983876895718 11.227773244955927 0 0 0 1
16.9 479.62310651080975 0.22617907116486435 -0.49910421439443553 0 0 0 1
17.0 486.759778290428 -1.6791138376853922 5.249807814651803 0 0 0 1
17.1 491.2599218141033 4.7460155692346575 -6.663623643027307 0 0 0 1
17.2 496.2674872128392 5.3298418348240375 -7.801652597302393 0 0 0 1
17.3 490.9385937281035 6.688735117509239 1.7667308092395615 0 0 0 1
17.4 498.9941899406906 2.246782993652104 -6.767669681868625 0 0 0 1
17.5 501.1305932943933 2.760417294755385 5.573310139819711 0 0 0 1
17.6 509.33430884027666 3.7600120862697963 -5.061088889938901 0 0 0 1
17.7 517.3214634659021 1.4912167016184839 -2.558324511996915 0 0 0 1
17.8 517.0761262021714 3.260075966769918 9.680387821778169 0 0 0 1
17.9 517.9961093156196 -4.996922827525282 -16.516346208968884 0 0 0 1
18.0 514.8639016729085 -4.5416327992163446 11.347053031351209 0 0 0 1
18.1 531.3829491032756 -3.897234645720033 -1.4418108963342604 0 0 0 1
18.2 525.8196972214126 3.5993983721964753 -3.7781510954358453 0 0 0 1
18.3 540.8833448585785 5.42088343664534 4.087581919982824 0 0 0 1
18.4 545.8394487674503 -9.492617698483215 -7.23129434132656 0 0 0 1
18.5 539.4615664062644 6.788309747048359 -2.4440643944877536 0 0 0 1
18.6 543.9443737263922 8.189796493890256 4.116237853332535 0 0 0 1
18.7 541.5341558781981 -0.9014610928581703 7.819247138994768 0 0 0 1
18.8 547.9171988244991 -2.4920164235287388 -4.411328852820304 0 0 0 1
18.9 547.0101781826288 -2.047705694275251 -9.256439891118362 0 0 0 1
19.0 557.0914611975403 3.4562816145341912 -9.01381483375178 0 0 0 1
19.1 573.8398911827956 -0.9676026595135028 1.606677198723645 0 0 0 1
19.2 562.3041798346467 -12.16083139642653 -15.806249249059164 0 0 0 1
19.3 569.9530590330832 -2.628438046400092 -4.714620007415192 0 0 0 1
19.4 576.1226756864448 1.4207926331689862 -2.618066626917823 0 0 0 1
19.5 581.2035724513323 4.833515876249194 11.643451753283301 0 0 0 1
19.6 584.188491516275 1.1280435903021981 -8.582405600300433 0 0 0 1
19.7 582.313001670191 0.24316210440223074 -2.0548555645197837 0 0 0 1
19.8 591.798495778818 -2.9318232790414527 5.743893346409266 0 0 0 1
19.9 590.3437120791789 7.710363297536304 11.232275237927126 0 0 0 1
20.0 603.9296971244323 -6.6219697215205 -2.3720182541075587 0 0 0 1
20.1 609.9649798490902 3.125873609131105 11.207900850193482 0 0 0 1
20.2 601.6341140845842 15.443350445850896 11.632001611369674 0 0 0 1
20.3 607.7216778054944 -1.8152090693307628 -9.614502977627922 0 0 0 1
20.4 617.8435129751311 -4.517782470303203 -9.663688586613489 0 0 0 1
20.5 619.9305486496213 2.050363860984106 0.8419107665739034 0 0 0 1
20.6 621.0823577058236 1.2114653455685556 -0.015174921453649404 0 0 0 1
20.7 624.8550085341197 9.050752762065713 -2.664252426939129 0 0 0 1
20.8 632.4812049508008 2.925229223959562 11.841004978508977 0 0 0 1
20.9 634.4295566157368 -9.64604979347041 -2.993168401305752 0 0 0 1
21.0 632.7894384230713 -0.02888153580470032 5.145402640631403 0 0 0 1
21.1 644.6517357986226 7.988808904415393 5.5859570316913505 0 0 0 1
21.2 651.1811288226301 5.5808686953860445 6.563135727254291 0 0 0 1
21.3 648.9487110279092 18.726957936993074 6.7778620835564425 0 0 0 1
21.4 651.6626864307945 1.724437703341465 3.103728099884222 0 0 0 1
21.5 659.2523914822265 16.23173398559942 1.4000652714670423 0 0 0 1
21.6 663.3238854398696 10.084508074064601 -4.184001173821059 0 0 0 1
21.7 664.1339509541567 22.961734735671456 -4.9438639701730835 0 0 0 1
21.8 671.2237483948929 18.7685317564502 1.8175741101463814 0 0 0 1
21.9 670.2902936872498 15.756226515604496 10.417308755565614 0 0 0 1
22.0 669.9827868277049 21.89072296458707 -3.673810154126727 0 0 0 1
22.1 670.5762476339895 27.64439372578822 4.551674156935007 0 0 0 1
22.2 677.8256553789091 31.513505045553572 -1.8765448852482791 0 0 0 1
22.3 681.7818978343969 28.015168435990333 10.452802504918566 0 0 0 1
22.4 683.5775841428132 31.94452503547687 3.082169751091726 0 0 0 1
22.5 674.7662456727031 37.240780570938696 -10.100136088785177 0 0 0 1
22.6 693.7671216136463 38.35980974640492 -4.456253039893227 0 0 0 1
22.7 687.0389237949921 41.23434418236799 0.3833860888688605 0 0 0 1
22.8 695.3991008874806 50.13659148098223 -9.162147758189349 0 0 0 1
22.9 697.6030608445981 59.6849158506962 0.32096887961694165 0 0 0 1
23.0 692.7931752790195 56.44027561543693 -16.23036608507539 0 0 0 1
23.1 697.4432048362378 55.191955618082574 3.098443994529532 0 0 0 1
23.2 700.2617997645488 62.71702101288261 2.140329326936353 0 0 0 1
23.3 691.0560965041661 69.66494851160274 4.727354768980376 0 0 0 1
23.4 703.3085192900224 70.32339728919996 -9.515589294420124 0 0 0 1
23.5 710.9216154844075 69.05133742384008 -0.7815990991320518 0 0 0 1
23.6 695.4642201577216 70.20389109523101 -6.263803100699363 0 0 0 1
23.7 698.9160563005621 82.33900403522792 -0.9977558547075773 0 0 0 1
23.8 703.2480429701408 90.36756843276659 -10.555161331357738 0 0 0 1
23.9 714.6643963243955 80.48692924879985 12.766725451837317 0 0 0 1
24.0 703.5292160083587 90.91670228867997 -6.913528696677929 0 0 0 1
24.1 714.3952847008447 91.67383694440696 -1.3864338352106529 0 0 0 1
24.2 711.3382524114248 100.55952564406589 4.469376472526164 0 0 0 1
24.3 713.9701095785407 97.3272643332844 -5.740859508110248 0 0 0 1
24.4 718.1376241964165 108.67802703148723 2.9043235481052534 0 0 0 1
24.5 718.9630153683961 113.91924902806424 5.574655512040067 0 0 0 1
24.6 715.811976597652 115.30701988787143 -5.983272013229509 0 0 0 1
24.7 711.8656192575587 121.46210932839608 9.089539218518041 0 0 0 1
24.8 715.0096936698934 125.27257406665429 -6.6004740571462435 0 0 0 1
24.9 721.6232521081638 129.0833771579847 -4.4040319791421325 0 0 0 1
25.0 731.2787899067282 132.655949774476 -7.6353619061792415 0 0 0 1
25.1 716.4772865445498 133.20076761544925 0.7402240444050108 0 0 0 1
25.2 730.1303764198447 135.00664715420945 -3.337830241402173 0 0 0 1
25.3 716.4752271699738 141.99202105516235 -3.296022096135232 0 0 0 1
25.4 724.5522849351003 154.14074369656464 5.511131797888936 0 0 0 1
25.5 730.8758581925935 153.4592914018743 0.4498523598776387 0 0 0 1
25.6 717.2212076947944 157.12310150996575 -5.0111419494232905 0 0 0 1
25.7 710.3596952890542 158.70122280489787 -8.213618506922785 0 0 0 1
25.8 721.4103489840599 165.05263038400463 -12.193718198478678 0 0 0 1
25.9 719.9901205842566 165.1465737424523 2.2777597117895994 0 0 0 1
26.0 724.0545929763149 173.71317345868366 0.5666712764213457 0 0 0 1
26.1 723.4512298301372 168.8060789869461 -7.457571451140154 0 0 0 1
26.2 727.3931115810992 178.03584523385595 9.972983960563965 0 0 0 1
26.3 716.3800767551136 184.03236742981508 9.886288930650778 0 0 0 1
26.4 728.562106047695 186.07620582803386 9.508069564850416 0 0 0 1
26.5 723.0451999963254 192.76334189101019 0.9032473869269211 0 0 0 1
26.6 726.8708001711949 189.99846887099164 -1.3484999774263997 0 0 0 1
26.7 722.5880653066376 195.33862307656068 -6.836748625854739 0 0 0 1
26.8 726.9441511065622 197.97474451389613 3.8779220610729226 0 0 0 1
26.9 731.0185294703565 203.99757681841646 5.168589929340044 0 0 0 1
27.0 718.6037686396388 207.8395380458754 -6.949251436968325 0 0 0 1
27.1 722.1214789472627 207.55971687766373 7.843193367264064 0 0 0 1
27.2 725.2646397734292 222.8314458473118 15.71718957144202 0 0 0 1
27.3 729.7407284179467 228.06169187458823 -4.6391332716254965 0 0 0 1
27.4 728.8999758691639 233.0429988470472 -11.900220846732736 0 0 0 1
27.5 731.8889975834694 236.28923583348217 -3.483356969411602 0 0 0 1
27.6 719.9832936346261 232.40141832958744 -7.287506681520824 0 0 0 1
27.7 720.9080370161122 238.0721021918002 -6.827454703656656 0 0 0 1
27.8 722.9999562937272 246.18108906793208 0.5197423112753086 0 0 0 1
27.9 730.7473684169323 245.54852118234726 -0.6997680037559348 0 0 0 1
28.0 722.1360879559445 256.2504963899063 5.717936470053019 0 0 0 1
28.1 726.1576219213639 257.5115111425412 -6.366939550453878 0 0 0 1
28.2 721.2542381896076 258.1421767812764 -5.414263726231582 0 0 0 1
28.3 725.4569803206188 265.3726315381564 -0.42697979281689413 0 0 0 1
28.4 725.610902362798 265.9055168289217 -6.6560905940186785 0 0 0 1
28.5 724.9591333730207 271.9390470393299 6.531487851907514 0 0 0 1
28.6 726.4938081604533 266.75285772661243 10.391927891385762 0 0 0 1
28.7 729.2132738954023 279.04646569360216 -3.8294033495594135 0 0 0 1
28.8 728.963653539204 274.85513445589515 -2.9452141689500877 0 0 0 1
28.9 730.3570543627524 282.39172224297374 -3.6351687314081005 0 0 0 1
29.0 737.8026165213109 288.9430661194191 -3.3327703958516963 0 0 0 1
29.1 725.6909164879843 292.63868122769 -11.7227246207745 0 0 0 1
29.2 729.162102336039 302.011490678894 5.299889125934044 0 0 0 1
29.3 736.6316355135807 303.5608314263323 8.151491485318559 0 0 0 1
29.4 720.2975418836493 306.79421680677035 -1.9575330564957198 0 0 0 1
29.5 733.9329233718718 313.4141238373579 2.061739403793922 0 0 0 1
29.6 733.0214507402467 317.1559839363689 12.199624559918334 0 0 0 1
29.7 729.666706718057 330.37489746342396 4.86336602911291 0 0 0 1
29.8 723.7069746614181 320.77720638546595 0.7853465094796093 0 0 0 1
29.9 734.0542071298989 325.5114451050458 15.212489568051637 0 0 0 1
30.0 728.6380296167392 330.7701012694025 -10.974395987782941 0 0 0 1
30.1 726.7160595902625 339.3957273794408 -6.21190668477891 0 0 0 1
30.2 726.70032700723 334.79013674112986 0.49833714157534814 0 0 0 1
30.3 739.2488925540157 346.03850516267596 7.754207543578502 0 0 0 1
30.4 729.6647961860741 347.26593664536546 4.41778394899211 0 0 0 1
30.5 722.1490396017605 350.787358831877 -5.64526856041698 0 0 0 1
30.6 730.6828744948689 354.13202065476173 -1.633891033295697 0 0 0 1
30.7 728.3973822582138 355.58076597109965 12.357389811619669 0 0 0 1
30.8 723.2649235153929 360.85555594034065 6.368171274644453 0 0 0 1
30.9 731.576259524082 358.28835342252364 -5.071399811389483 0 0 0 1
31.0 722.9524899958935 364.97363016429233 -8.197130918586765 0 0 0 1
31.1 734.9735120127228 366.5209584642374 -3.5373764780179044 0 0 0 1
31.2 734.8899971154026 376.0140011242332 9.294661247770478 0 0 0 1
31.3 725.4150744486708 388.0279311900613 2.6274801746951653 0 0 0 1
31.4 725.7708151781668 398.0628654452249 0.15934982567415545 0 0 0 1
31.5 717.4761430253535 400.00581026641134 -2.756400574207305 0 0 0 1
31.6 719.2819941391707 391.9409036613995 -9.068491539170338 0 0 0 1
31.7 726.7340756032139 399.11045582236017 1.200496667915047 0 0 0 1
31.8 728.4010747674538 413.4935390021437 -1.4009677693770755 0 0 0 1
31.9 729.166182816327 400.4999481176637 -8.402542025814228 0 0 0 1
32.0 730.9909140785037 406.7312621883084 5.5579192582963515 0 0 0 1
32.1 726.0133882319119 414.6838556291582 -0.23210914182624265 0 0 0 1
32.2 729.3775497073484 415.1388406106326 -3.1257913779122646 0 0 0 1
32.3 737.7732843319554 421.04608932081146 3.3822296143716812 0 0 0 1
32.4 739.0987974798265 425.7235433753333 -3.8061927485615 0 0 0 1
32.5 730.9730651976835 436.52427574881443 -1.3031591512047385 0 0 0 1
32.6 724.6518123728417 431.96893982756666 -5.345465445549564 0 0 0 1
32.7 723.3574649051674 436.2237346983411 -10.802730898683308 0 0 0 1
32.8 727.5918238735276 443.14149702667936 10.928254795446207 0 0 0 1
32.9 734.7758553187589 453.1366603346133 -1.8413211754713075 0 0 0 1
33.0 726.9616197588457 449.7248671828837 -0.12701197091109862 0 0 0 1
33.1 729.4858040103334 452.6545024107917 3.203005469058553 0 0 0 1
33.2 727.6257195843972 457.83150416555526 2.705175326367282 0 0 0 1
33.3 724.9453215942544 469.6861972780496 0.9499004913082558 0 0 0 1
33.4 726.3682486202033 466.41082867260457 -7.952256291018273 0 0 0 1
33.5 731.2937691966446 472.7901315647737 3.312008775109007 0 0 0 1
33.6 729.1241134930553 476.2965482517824 -3.6870854133346143 0 0 0 1
33.7 732.5164867844045 477.60924997916925 4.092143970016025 0 0 0 1
33.8 731.7648063802571 474.98322972283506 -2.78730735836632 0 0 0 1
33.9 734.9011574316514 486.0904336523605 -13.905475821017376 0 0 0 1
34.0 734.0625290438784 487.08093281619784 -2.9007606666726815 0 0 0 1
34.1 734.7211680463895 493.656826611874 -2.948240861706722 0 0 0 1
34.2 733.6265834821879 503.2881005518275 7.097008069164531 0 0 0 1
34.3 731.8306471440794 501.35748199279124 5.34881738714239 0 0 0 1
34.4 729.5294057094912 509.4397064565304 1.1391232969592124 0 0 0 1
34.5 738.4269990955509 504.27518973370366 9.72242306351825 0 0 0 1
34.6 719.1960291655129 511.5945102877392 -9.520811386696835 0 0 0 1
34.7 728.8309136013277 522.935407696719 0.00557392456494199 0 0 0 1
34.8 731.4320740569743 521.73560969504 0.9302706396752001 0 0 0 1
34.9 727.3178931037213 529.8329897020426 -2.25837143937963 0 0 0 1
35.0 730.9819153448026 525.669178440895 -3.1122135682088583 0 0 0 1
35.1 727.3980377967201 535.1127452695525 5.4034760614420065 0 0 0 1
35.2 736.7899840851137 533.7701387437601 -0.6086712496844484 0 0 0 1
35.3 730.1026210761058 541.8164821341109 -11.718828486272173 0 0 0 1
35.4 720.5941958733813 546.4185792149038 1.6311091484133158 0 0 0 1
35.5 735.2720349708004 548.6172969604266 6.564524919864709 0 0 0 1
35.6 732.9191738293565 555.0358456400759 -5.50793391649313 0 0 0 1
35.7 730.6377433783919 567.0160337597622 -8.97451139571433 0 0 0 1
35.8 727.4934375457246 578.3882511441612 1.5630118322940234 0 0 0 1
35.9 731.759521174688 565.8405585132297 -0.014546485927553476 0 0 0 1
36.0 730.1195470421994 576.7663687279604 -2.6834434988109024 0 0 0 1
36.1 731.1903835189123 576.2528720476661 -0.8076087355636332 0 0 0 1
36.2 735.3789884816736 583.4476650739259 -8.25804905974627 0 0 0 1
36.3 729.0227299114516 584.220811014721 -1.52162806199766 0 0 0 1
36.4 735.2726433874817 582.1202350136754 -6.586991436761025 0 0 0 1
36.5 730.0875343493476 584.852888244885 -2.8050681561840634 0 0 0 1
36.6 737.661388457063 586.8562043629788 1.2511409877051847 0 0 0 1
36.7 732.0070562438705 602.1023403805389 3.5440428487555096 0 0 0 1
36.8 724.227873654393 597.9850727025291 0.05224380139668483 0 0 0 1
36.9 734.1139927068186 599.7599217151812 -5.532525696820301 0 0 0 1
37.0 732.7752201759424 614.3065992911605 2.5450955843104452 0 0 0 1
37.1 742.522711895004 604.8291026233057 1.6161832727413525 0 0 0 1
37.2 738.6994819806099 611.1633163368666 -17.39249774619168 0 0 0 1
37.3 732.6117860347364 622.2291386334249 -4.924743395037353 0 0 0 1
37.4 735.9637464366863 630.596515927735 2.489674025554791 0 0 0 1
37.5 739.3950845577824 629.8114205219842 -6.000509248710216 0 0 0 1
37.6 725.9213491084624 639.8938382541744 -8.581824345041753 0 0 0 1
37.7 733.2152046419692 635.3192645088435 -0.11791732154762258 0 0 0 1
37.8 731.2421487569383 630.6389808997892 12.95022429618001 0 0 0 1
37.9 719.8106373271823 650.5215536607259 -6.502435672092588 0 0 0 1
38.0 731.8818375100661 647.3218663919374 -3.0973775315230796 0 0 0 1
38.1 722.7558553964539 663.2873273760688 4.8710309399252765 0 0 0 1
38.2 740.3873286118032 654.7492402824994 -8.115256002153558 0 0 0 1
38.3 729.1719458696156 664.3514031637617 -0.9428594465042011 0 0 0 1
38.4 741.6011173539778 667.4146427211674 2.2226376996463273 0 0 0 1
38.5 729.9413648472654 670.1332854239513 -4.906152722361298 0 0 0 1
38.6 739.0665982186815 683.7307337349517 -8.914207457844043 0 0 0 1
38.7 728.0652502896526 678.6893922746053 4.802327824608994 0 0 0 1
38.8 734.7254026620049 683.4994876056405 3.172636837194432 0 0 0 1
38.9 734.8689790256049 684.6455343855829 -1.7874299259058262 0 0 0 1
39.0 734.7640647563943 687.877018999336 -8.696013467313264 0 0 0 1
39.1 731.0035807794228 681.2888838719532 -5.062887802706484 0 0 0 1
39.2 737.295285118699 691.9748413846501 -0.3230777534631102 0 0 0 1
39.3 738.4954978864578 704.0322216600089 -3.109604798524515 0 0 0 1
39.4 735.9213913815878 703.2882173950782 21.143244433983 0 0 0 1
39.5 733.3872223773446 716.0115844195293 12.314411773169297 0 0 0 1
39.6 735.9473610878277 718.277880665152 -3.001682806733129 0 0 0 1
39.7 731.9191061540798 717.0145804446306 2.184832919502526 0 0 0 1
39.8 740.527468390862 724.5593311114848 14.328520052667557 0 0 0 1
39.9 734.0613458702961 727.7758636787844 -12.614649181941331 0 0 0 1
40.0 734.7383003837299 732.9434439714599 -12.819253851627082 0 0 0 1
40.1 738.6256575386785 732.9573099996919 7.1707301830169285 0 0 0 1
40.2 730.9649079927885 739.0173113266264 8.307746045978377 0 0 0 1
40.3 735.0089257299026 740.9383961081164 -2.113563429198507 0 0 0 1
40.4 739.0270960988216 745.2964385084624 3.939960449989087 0 0 0 1
40.5 734.2204042530727 757.8356622892795 1.2907775970946886 0 0 0 1
40.6 733.8829764904812 752.1787519618995 13.299155675839756 0 0 0 1
40.7 728.9694956178383 758.3611047916925 3.43147233737551 0 0 0 1
40.8 735.644521198689 747.282319960772 -1.0871796861788425 0 0 0 1
40.9 727.3302103913818 765.8321567226076 -4.051099778059381 0 0 0 1
41.0 729.9007789572274 763.9372606038503 -7.881767620138419 0 0 0 1
41.1 728.0918187642292 771.7645460302905 -0.05350920835286388 0 0 0 1
41.2 743.3569911574716 781.0175815668202 1.0545627809481175 0 0 0 1
41.3 735.9906459910177 783.1693322697708 9.163785866590217 0 0 0 1
41.4 739.1706869190867 780.2926945430302 3.5378898496501847 0 0 0 1
41.5 728.279742539836 792.5276702419042 -0.42499134497512614 0 0 0 1
41.6 737.2365772349488 791.8036789976318 -3.522211298103514 0 0 0 1
41.7 738.3966978863502 802.9303278868322 -3.7031857400193644 0 0 0 1
41.8 748.0510209935726 806.102946297703 11.049507207170734 0 0 0 1
41.9 730.2945888909956 805.2037922580664 -4.0025607208974066 0 0 0 1
42.0 731.6769181235129 809.3475122381332 8.339605788188692 0 0 0 1
42.1 736.5381189770796 806.4082341873584 3.864658377233127 0 0 0 1
42.2 737.6188534069961 821.6398963578081 11.020115245258637 0 0 0 1
42.3 730.705291197402 814.8686715532741 8.08350133825104 0 0 0 1
42.4 727.945548208151 820.617813353193 4.116735347978306 0 0 0 1
42.5 738.2291398550237 826.1361189293457 5.154326842339799 0 0 0 1
42.6 733.4850947637799 835.3819352281666 10.207957012458621 0 0 0 1
42.7 734.1220634879608 829.9622165218098 -1.8592448872514638 0 0 0 1
42.8 734.8743436530199 841.4986268330197 4.73853897020831 0 0 0 1
42.9 733.0805351872766 843.4303902316315 4.522846929972275 0 0 0 1
43.0 735.634902283815 844.7764698497245 4.298232032262604 0 0 0 1
43.1 734.8953400976509 850.916984271755 -8.42306188516011 0 0 0 1
43.2 725.7947278141314 854.2660427053255 11.692083931029742 0 0 0 1
43.3 729.4788465977107 857.842819440152 -2.179284873311474 0 0 0 1
43.4 735.2105930843438 867.481310294972 7.905897381136754 0 0 0 1
43.5 741.5322458074022 870.8344968749059 9.58553674675693 0 0 0 1
43.6 726.722928194677 869.5991088592865 6.916056387615356 0 0 0 1
43.7 732.7003045607113 875.4136614515666 7.308492840616225 0 0 0 1
43.8 729.1000211861025 875.2718388633291 -7.6084844980432536 0 0 0 1
43.9 731.4546362243806 885.6217689436601 1.301833753799258 0 0 0 1
44.0 741.4058976591245 894.2979805271113 7.032611982918297 0 0 0 1
44.1 730.0904662596289 898.0472356023181 -8.523738170088677 0 0 0 1
44.2 728.1410728858496 890.9466892103671 -4.015316620632973 0 0 0 1
44.3 742.3267273589016 906.4848867987658 3.795464468169655 0 0 0 1
44.4 736.8661053494473 906.9884633056221 1.6933547931791395 0 0 0 1
44.5 727.6572819225056 900.2592211415185 3.1124215852301518 0 0 0 1
44.6 731.7538868877605 913.1153024978552 -6.7742059359018185 0 0 0 1
44.7 735.9726714841179 922.9627065330981 8.441851758438986 0 0 0 1
44.8 740.1797198937973 916.750963190824 -8.412956430265979 0 0 0 1
44.9 745.610435246522 926.4683809497865 7.880940085176121 0 0 0 1
45.0 735.2447231918081 927.3211697411214 -7.282506609598499 0 0 0 1
45.1 743.2679584515947 943.6924015058717 -13.10561808496351 0 0 0 1
45.2 743.8215301093715 931.4783896071858 -0.3537644188952527 0 0 0 1
45.3 740.3751016939156 944.3090813560254 6.291669682320389 0 0 0 1
45.4 739.055897368389 945.7270102055984 -5.1398520598251025 0 0 0 1
45.5 733.3225268605879 944.053929991143 12.549236983141327 0 0 0 1
45.6 738.4056424684387 949.1797925177452 6.33037161777014 0 0 0 1
45.7 729.2629199138395 953.9776367890788 7.005862955536031 0 0 0 1
45.8 738.5434258448041 955.5751646802601 4.590660644400884 0 0 0 1
45.9 745.6332721068758 965.8979906567986 0.18318793103361486 0 0 0 1
46.0 743.8641516953876 961.1319446553243 -5.87598116499953 0 0 0 1
46.1 732.6874080958678 963.4272199296583 -5.8094636485861315 0 0 0 1
46.2 736.1340242472522 967.5586020108894 9.0083464955855 0 0 0 1
46.3 728.273819274609 975.627890845275 9.595195491745642 0 0 0 1
46.4 739.3418295301385 985.434748600311 7.007014972324271 0 0 0 1
46.5 733.5988562820866 989.0646960966262 5.090520355784577 0 0 0 1
46.6 735.852805037283 995.1912755128192 -2.795698973303388 0 0 0 1
46.7 738.5027799425548 988.4041813148285 1.5006042880901873 0 0 0 1
46.8 741.2816130336407 1003.917821303277 -3.994675597579942 0 0 0 1
46.9 737.8740386843797 1001.2658537824587 2.99939620273409 0 0 0 1
47.0 737.9418328286253 1003.3342817245655 -3.3101289647971157 0 0 0 1
47.1 741.8339465291327 1017.2965370093323 -5.052254729642868 0 0 0 1
47.2 734.868291854273 1016.8241556950212 -3.923622762626735 0 0 0 1
47.3 727.1896644069602 1026.4230920592904 -4.711863262315944 0 0 0 1
47.4 741.4404189736883 1022.7240311019998 3.7996958812771595 0 0 0 1
47.5 732.6786309792872 1031.010731490605 5.394326416494891 0 0 0 1
47.6 745.4133581590929 1033.8440052509752 1.4119841067898165 0 0 0 1
47.7 732.5253751160892 1035.7321826144516 7.880618095052057 0 0 0 1
47.8 748.2439995217456 1038.6386672766766 -12.070848260295861 0 0 0 1
47.9 742.6613159991108 1043.7652290746316 4.406430113036947 0 0 0 1
48.0 738.3532131900649 1054.6288388953794 -0.682638375039005 0 0 0 1
48.1 738.5334069972853 1053.4472641404336 -12.344164960050989 0 0 0 1
48.2 742.3230536713808 1058.8309966998106 -0.1440476868367 0 0 0 1
48.3 736.9189963473162 1071.5880994904328 -0.484986055070749 0 0 0 1
48.4 735.8787310979352 1065.5881105847247 -7.665319069535201 0 0 0 1
48.5 737.3793318446324 1062.9106500028681 -10.272679082586365 0 0 0 1
48.6 736.05386789806 1064.9102266230948 4.223382634047198 0 0 0 1
48.7 742.6856413053017 1072.8770734707373 -4.893550564948612 0 0 0 1
48.8 740.6476350910433 1075.9100020759672 -2.4192061570569763 0 0 0 1
48.9 734.4738806886738 1081.81923332252 -9.242766167444586 0 0 0 1
49.0 737.1144395171714 1086.2190884804409 7.211043398274683 0 0 0 1
49.1 733.658199082783 1097.8720657307272 0.06285901880727351 0 0 0 1
49.2 738.0207287654871 1086.1436010874268 -0.6126018988914552 0 0 0 1
49.3 745.0995819187636 1097.685686322015 4.337471774394771 0 0 0 1
49.4 738.3615925206575 1106.1097982063134 -10.816792406397894 0 0 0 1
49.5 749.194775879995 1102.2595378359024 2.4390532503789473 0 0 0 1
49.6 742.3827719918615 1114.4839274313126 2.689262738662535 0 0 0 1
49.7 742.2723544840233 1120.9377574291748 -4.720908095217624 0 0 0 1
49.8 749.8217234994517 1118.084098120834 -4.127476868269241 0 0 0 1
49.9 740.8199176133465 1121.7307197708164 15.652325986859637 0 0 0 1
50.0 734.9410203278965 1127.9281086261763 -12.438607828751572 0 0 0 1
50.1 736.8549719868126 1129.0645106216894 -5.982762183285558 0 0 0 1
50.2 733.228676485107 1136.1095848948485 5.546690013753789 0 0 0 1
50.3 736.6197268282679 1137.1173253905429 1.3231342899541687 0 0 0 1
50.4 732.3064273754075 1142.791294033432 5.201593959505942 0 0 0 1
50.5 739.1955800618395 1146.7442893288423 4.68865204001105 0 0 0 1
50.6 732.8001246239301 1149.0725250140451 -15.230665147026855 0 0 0 1
50.7 733.2654479202129 1150.4431323212202 -3.3359489631517363 0 0 0 1
50.8 745.7135820531423 1164.6115774186053 4.85256943630867 0 0 0 1
50.9 725.5293547407155 1163.7821447089136 -2.9568733958419102 0 0 0 1
51.0 735.6267062422978 1161.4063543490538 0.1153541094523689 0 0 0 1
51.1 738.9489034305772 1170.814791720651 -2.410479800846417 0 0 0 1
51.2 731.8440525854444 1179.4098649373313 3.853583347844733 0 0 0 1
51.3 731.848886338312 1177.7123687696974 -3.1483499925558363 0 0 0 1
51.4 728.5316555676394 1184.7216780552792 -9.959582010494898 0 0 0 1
51.5 731.4637367768697 1182.7182679763066 3.048446871027636 0 0 0 1
51.6 727.9387082375379 1193.7857936830856 2.8772238763194196 0 0 0 1
51.7 725.5682946846748 1194.140910005887 -2.0192530795110883 0 0 0 1
51.8 708.7881891237247 1195.38350681114 0.5752877410332076 0 0 0 1
51.9 714.6768817533202 1195.0711800678464 2.4212722112963547 0 0 0 1
52.0 711.2673221095786 1195.5959527264235 2.4322142881621858 0 0 0 1
52.1 713.8749387567144 1208.5969527824047 5.402117632337706 0 0 0 1
52.2 705.054699936618 1216.0745537970918 -2.7362810201400976 0 0 0 1
52.3 705.300115121977 1212.4909656068503 -9.335853908459114 0 0 0 1
52.4 703.1191236743466 1212.8246322617633 6.6163678150069245 0 0 0 1
52.5 698.719015967645 1211.5634639789055 9.551000856205292 0 0 0 1
52.6 705.5826042543883 1223.6517416713273 2.7819014292998077 0 0 0 1
52.7 692.8316767681906 1212.8728967644302 7.844670488021677 0 0 0 1
52.8 682.1731247016976 1209.615273422225 -12.306022246735438 0 0 0 1
52.9 689.0576822899632 1230.1071046519241 5.46160856595867 0 0 0 1
53.0 676.0416858474782 1223.466032331087 -6.882659003662468 0 0 0 1
53.1 673.4028847911418 1223.0815206274651 9.690280457836536 0 0 0 1
53.2 669.7461446359756 1234.6265585290512 -3.4786839461975205 0 0 0 1
53.3 665.5098861414316 1238.509747876941 4.681430638303482 0 0 0 1
53.4 670.8065245138251 1226.2762414283275 9.089059262835974 0 0 0 1
53.5 662.2140811081142 1232.3269102377576 -6.993483216326979 0 0 0 1
53.6 657.8335859033333 1235.0506724072902 7.119659856240162 0 0 0 1
53.7 658.48872257067 1231.5474070959158 -8.47982482863813 0 0 0 1
53.8 665.744109051889 1234.0848937633405 -4.259914458037315 0 0 0 1
53.9 664.2510169241611 1239.9024257502213 18.163843437253263 0 0 0 1
54.0 648.0851102896058 1240.619359978809 -2.0989874469894403 0 0 0 1
54.1 641.8455482292438 1242.3054016348576 -4.928813157627587 0 0 0 1
54.2 648.2232688258171 1244.7189801291665 0.954243300122414 0 0 0 1
54.3 634.4551145563111 1248.5217199831409 0.979158084356186 0 0 0 1
54.4 633.2144844258297 1248.7783437792627 0.60948454000021 0 0 0 1
54.5 631.2936806726956 1241.8926022142691 9.297851638037457 0 0 0 1
54.6 620.3287552432823 1248.2332126920537 5.773682178885792 0 0 0 1
54.7 623.0560415414225 1249.5067118387299 -0.9338498378451732 0 0 0 1
54.8 614.6695168126458 1253.4659750146939 6.782808622622383 0 0 0 1
54.9 610.3665393170511 1248.3931975878913 14.615514978024294 0 0 0 1
55.0 614.2863772370386 1248.6608611277602 4.666916924405882 0 0 0 1
55.1 600.6695630435388 1251.8227343434176 -2.140323152632618 0 0 0 1
55.2 600.7669086760092 1257.7157354544888 -9.7064307591084 0 0 0 1
55.3 598.1885970752502 1248.3866047646313 -5.098238149669214 0 0 0 1
55.4 595.6477335286975 1247.107582190366 1.4544640817360914 0 0 0 1
55.5 582.5459013997738 1256.6944126818923 11.247571700183357 0 0 0 1
55.6 590.3124192871923 1263.8822947590384 -10.145832412591517 0 0 0 1
55.7 581.2703296761765 1257.116094202846 -4.457806157842754 0 0 0 1
55.8 574.0063767105368 1254.7735772797387 7.224582329289461 0 0 0 1
55.9 578.5591887637593 1250.0936347416468 5.073427529222698 0 0 0 1
56.0 577.2980045043736 1262.130199991621 3.0990869759611144 0 0 0 1
56.1 571.9782137656291 1252.1850010047742 6.263682187441702 0 0 0 1
56.2 556.2810674997216 1262.1136375392002 2.8738772469225182 0 0 0 1
56.3 555.4940825880398 1255.5032576919066 -0.7086433738532492 0 0 0 1
56.4 548.6557116196299 1256.8687519134983 -4.229385648124577 0 0 0 1
56.5 543.4276138830514 1255.3750262168496 6.952945360697839 0 0 0 1
56.6 542.6607590082582 1249.1009785455499 3.6267810152510833 0 0 0 1
56.7 535.3409526305447 1250.2430505184227 -0.7434186414159569 0 0 0 1
56.8 544.3411817039351 1255.649004576444 7.509466334597192 0 0 0 1
56.9 525.722258753272 1254.4756907046626 -4.404595246383195 0 0 0 1
57.0 531.2620059394626 1253.4132134283 -9.972943523240076 0 0 0 1
57.1 528.9250092402247 1258.682416077091 1.5168911337192128 0 0 0 1
57.2 520.7082918648691 1254.6986053203432 -9.141632756445546 0 0 0 1
57.3 510.9861474251619 1254.9265107270855 -1.51271300237201 0 0 0 1
57.4 509.00704700663147 1255.3552854600916 -0.07290073441106415 0 0 0 1
57.5 508.501584738058 1258.428429646514 4.3367060774310175 0 0 0 1
57.6 502.5984728255611 1251.4816815940446 -0.32617220527686186 0 0 0 1
57.7 507.38570143329025 1262.017006538591 -8.669508338856303 0 0 0 1
57.8 496.3566145795072 1256.7598894938037 -2.579495446246966 0 0 0 1
57.9 492.69585109934826 1251.7348147449454 17.116106583639976 0 0 0 1
58.0 481.90536797212167 1261.3993111405862 3.8705724331297233 0 0 0 1
58.1 490.01260743130933 1260.8834198617092 9.743278836548313 0 0 0 1
58.2 484.09771336345284 1261.4130174044294 -18.705694593592966 0 0 0 1
58.3 474.9625509357371 1262.8338637586899 0.1884510343454906 0 0 0 1
58.4 472.299494514751 1256.1357567669816 -5.5027901558757435 0 0 0 1
58.5 464.6105003717165 1256.0175255436993 -8.571235559007192 0 0 0 1
58.6 464.92880277521704 1265.2338739403829 0.4122860026070043 0 0 0 1
58.7 465.2059433244418 1258.9848257274639 4.3234493605812645 0 0 0 1
58.8 455.03706702430384 1264.0234069097896 6.656162044803892 0 0 0 1
58.9 454.3245654815919 1262.3473364589909 -4.754259542613681 0 0 0 1
59.0 448.5753047425293 1261.4830017525037 -8.612881127311937 0 0 0 1
59.1 457.87196674081497 1262.6540507536256 7.43083175281069 0 0 0 1
59.2 429.67476005887283 1254.8715558123965 -4.636422385976658 0 0 0 1
59.3 439.8026814445601 1260.6019468785717 6.9715834154580705 0 0 0 1
59.4 423.22373628415164 1257.896737011376 12.629367403810818 0 0 0 1
59.5 433.4749606452132 1258.8696949924574 8.31573739750209 0 0 0 1
59.6 415.07274152290563 1261.103971555568 4.329775923505025 0 0 0 1
59.7 422.58606206525684 1266.5936610604526 -1.0937541895601157 0 0 0 1
59.8 420.2561653005898 1257.0261033623433 -9.627989336177308 0 0 0 1
59.9 409.12812957454423 1261.2082499237688 -0.7355418300167571 0 0 0 1
60.0 413.00788351351224 1255.315430167091 -9.041307766468236 0 0 0 1
60.1 413.82404398786883 1268.2431219393084 -6.737164070596208 0 0 0 1
60.2 403.487662626053 1261.8459092792114 -2.594258528044037 0 0 0 1
60.3 383.2985086083537 1272.9403692784024 3.954205255952104 0 0 0 1
60.4 390.76490752442544 1267.7091155938097 6.935035506288784 0 0 0 1
60.5 382.2598221103259 1258.3242780814705 1.6537592439664195 0 0 0 1
60.6 389.48793308236645 1262.0015276894364 -0.9202634627164343 0 0 0 1
60.7 385.96146057605506 1266.8337383983326 4.799182384819801 0 0 0 1
60.8 379.0070106128955 1267.6112680091328 -1.6630956281567535 0 0 0 1
60.9 379.4860103799371 1260.6480005138333 -9.547039681876555 0 0 0 1
61.0 369.0369124450008 1262.3171261989046 -3.188808225850096 0 0 0 1
61.1 365.5111199734745 1262.2204282978832 1.188095976292658 0 0 0 1
61.2 356.6449079631246 1259.108446534402 -1.1614538084849357 0 0 0 1
61.3 362.603991891527 1270.481582848664 -6.3208345901011 0 0 0 1
61.4 355.4663956458351 1266.2157840765358 -0.36095613559098183 0 0 0 1
61.5 348.5884032546322 1262.343133431623 5.184872676812063 0 0 0 1
61.6 347.5954070340223 1256.7016900638264 2.3748260540548642 0 0 0 1
61.7 346.9307161657203 1269.076060616866 5.369049070550062 0 0 0 1
61.8 334.4290761781083 1269.7116085647394 4.273579386403867 0 0 0 1
61.9 334.0784262271967 1260.1078237227357 7.147923409862898 0 0 0 1
62.0 329.33770925722126 1262.9717091308846 -1.2424909689320316 0 0 0 1
62.1 325.1148473885761 1259.2906941118504 8.623537177277996 0 0 0 1
62.2 329.2945521124441 1266.83533290628 -4.880347723657593 0 0 0 1
62.3 313.0999293726922 1262.7037535707677 -5.292239604129406 0 0 0 1
62.4 316.2642326937208 1269.0013143121032 7.749460577487781 0 0 0 1
62.5 312.13704745019095 1271.9294794597697 -5.960750269379275 0 0 0 1
62.6 312.59004207679357 1268.5224922932998 -3.681240004332068 0 0 0 1
62.7 302.64029937647376 1259.7796201318522 7.4868595052818705 0 0 0 1
62.8 302.1552235135582 1263.8186702704897 -0.3107089241590586 0 0 0 1
62.9 294.92341829951533 1259.1860466901005 -2.0986649884706594 0 0 0 1
63.0 285.87035318388837 1261.5782479577529 -3.2597874200202455 0 0 0 1
63.1 274.25211438618777 1261.7910056712487 -3.9285133921384556 0 0 0 1
63.2 283.95346049034185 1259.533597054985 0.8276859394403147 0 0 0 1
63.3 272.1642184021771 1271.0835432544995 -9.394481475343568 0 0 0 1
63.4 272.8947113202906 1273.0860088178279 2.815210470320423 0 0 0 1
63.5 262.097065901729 1260.5315628969606 -7.526059134479226 0 0 0 1
63.6 267.7367190320806 1267.1384101414496 1.06697850034665 0 0 0 1
63.7 272.8483155120022 1268.3843902679466 6.314055188521465 0 0 0 1
63.8 262.8770138064592 1258.1459152911889 10.035115100917864 0 0 0 1
63.9 253.94826667025166 1261.153900644998 -9.893956069068054 0 0 0 1
64.0 244.08287055108534 1267.7800772752912 6.786839486902494 0 0 0 1
64.1 246.80937825191558 1270.0564776630022 3.5965360032396205 0 0 0 1
64.2 241.62050508577707 1268.1658073305084 -6.138578389308947 0 0 0 1
64.3 248.7259427185398 1267.0167565395673 -0.7505022229590566 0 0 0 1
64.4 239.8250633535583 1267.6718439704498 -0.5574194797792416 0 0 0 1
64.5 230.75654823523925 1281.6835508335416 -16.943298259236016 0 0 0 1
64.6 225.39187015838127 1263.5805354023892 -2.822087798133836 0 0 0 1
64.7 221.83096970975814 1263.5420472151723 -8.708096053517963 0 0 0 1
64.8 208.8738701062634 1265.5039409368887 0.3289312523474024 0 0 0 1
64.9 209.5976549767208 1279.900903832717 1.4447568133923596 0 0 0 1
65.0 218.52731261772263 1278.649874166329 -12.73361194126926 0 0 0 1
65.1 203.86756730574436 1276.9000475258076 -2.85590318323203 0 0 0 1
65.2 198.6565272542826 1260.3662821063485 7.777091727460885 0 0 0 1
65.3 205.163302254028 1273.0504364738586 -1.7095078941764967 0 0 0 1
65.4 189.57853365232256 1263.1931702117533 -1.6915192353077657 0 0 0 1
65.5 191.34729001611473 1266.6261783590862 8.779098456570026 0 0 0 1
65.6 178.80827966363339 1271.011434294595 -17.38371205102507 0 0 0 1
65.7 178.01717589865208 1269.0252054167686 -5.986380535726553 0 0 0 1
65.8 171.6065988353189 1270.1633060880422 10.060463653182126 0 0 0 1
65.9 178.7922979754138 1269.3466027695881 3.607596214371682 0 0 0 1
66.0 172.77531688201108 1274.5241539758063 -6.6474066656623165 0 0 0 1
66.1 158.72146324568826 1273.5883424567523 -6.771486907287596 0 0 0 1
66.2 165.74818552468489 1269.777436744499 9.865088386007187 0 0 0 1
66.3 154.93730945344535 1262.764551377552 12.487469085775558 0 0 0 1
66.4 158.02434603181206 1264.2343989301319 4.191697529220022 0 0 0 1
66.5 141.5354131826857 1269.70150577937 5.7273860497872136 0 0 0 1
66.6 147.57190936458215 1272.9336468617475 -6.9516803834169565 0 0 0 1
66.7 137.50459025207988 1260.1469331226356 9.379589670764972 0 0 0 1
66.8 127.14578186383903 1272.1414853110712 -5.765302815622654 0 0 0 1
66.9 132.02641110652837 1276.759086496149 -9.545416171537305 0 0 0 1
67.0 128.78005276588829 1276.6410190957806 -2.357889423459646 0 0 0 1
67.1 128.80963285398428 1261.0092371590094 6.121138717450407 0 0 0 1
67.2 124.09979506961965 1270.3748491152212 -9.509425281410202 0 0 0 1
67.3 114.38005545857736 1267.7270858001993 -1.7308754116007918 0 0 0 1
67.4 117.09729599386627 1268.5274801339015 -2.809064607921222 0 0 0 1
67.5 110.05250551500131 1269.1902988732907 -0.4856626398491599 0 0 0 1
67.6 106.24797636177136 1275.3637023995948 -10.440161164437903 0 0 0 1
67.7 101.01170136374236 1267.2965656680421 -10.293598876389673 0 0 0 1
67.8 103.77660897976823 1269.6546136003358 4.456402960374874 0 0 0 1
67.9 102.75897210781058 1265.6305468180635 6.908557741511437 0 0 0 1
68.0 91.48349348448477 1273.6688520981033 -5.895793742213648 0 0 0 1
68.1 87.01787165329438 1275.1754015604547 1.9347898235624115 0 0 0 1
68.2 75.66848835553678 1278.3975410784096 -9.97317692172875 0 0 0 1
68.3 71.38569472704748 1278.5571463466194 7.260067707230817 0 0 0 1
68.4 68.95722029675954 1269.9762101097267 0.044684806324152504 0 0 0 1
68.5 62.98364753928669 1273.520625378921 -9.974233000916314 0 0 0 1
68.6 69.12629666144605 1275.1585687078598 9.037047696234708 0 0 0 1
68.7 65.55161626809382 1268.9406350158429 -12.274036984378156 0 0 0 1
68.8 48.89952292460376 1272.6176874893501 0.0959060185870726 0 0 0 1
68.9 49.55607743678349 1260.0568033812633 2.5326186613799457 0 0 0 1
69.0 51.291694437346464 1265.758192623346 2.252045865363666 0 0 0 1
69.1 41.96363659005024 1269.6661461087565 -8.286142123003629 0 0 0 1
69.2 41.43839981537282 1276.9286762922102 -3.697397217503621 0 0 0 1
69.3 39.488241990904584 1274.859771491496 3.8844654392209286 0 0 0 1
69.4 35.15830964950513 1275.2812471675022 -0.3961816294772742 0 0 0 1
69.5 27.08371205467239 1284.365055144411 -10.883620399221183 0 0 0 1
69.6 27.779561212509446 1273.09705344111 -8.530403689518895 0 0 0 1
69.7 15.838251428111636 1273.2516999665522 5.888473269318296 0 0 0 1
69.8 28.357962372123218 1274.1554070682027 -14.811481159170814 0 0 0 1
69.9 10.97760797506476 1266.3958205013566 -14.029457357188157 0 0 0 1
70.0 12.802018492293877 1275.7849702381948 -10.646470813907937 0 0 0 1
70.1 -2.165243021635018 1271.3738521145424 -6.694083605915695 0 0 0 1
70.2 1.6774079565403013 1272.9020548915828 11.597335114112006 0 0 0 1
70.3 -1.817237202679335 1267.374840531736 2.4704359862694227 0 0 0 1
70.4 5.282545120376074 1271.2620167522266 -3.919044404494253 0 0 0 1
70.5 0.9012906944335088 1278.5598749556154 5.285769487166465 0 0 0 1
70.6 -18.255702184008754 1272.897495465357 -4.593759220191969 0 0 0 1
70.7 -20.107246652051973 1280.014889910583 4.962865736048633 0 0 0 1
70.8 -21.6112706934082 1278.9921924431762 -4.661216777436332 0 0 0 1
70.9 -27.183419796405076 1276.3240881149109 9.969366935845466 0 0 0 1
71.0 -33.149936263796036 1272.9403491413532 2.7644841387868304 0 0 0 1
71.1 -33.13569968385356 1269.278691770507 -7.688460837197107 0 0 0 1
71.2 -36.19088961944889 1273.730215611667 7.068518942255928 0 0 0 1
71.3 -41.6894595970827 1275.3437084996872 -3.639539238980351 0 0 0 1
71.4 -40.08208393069238 1265.6646789562287 -9.57420266332392 0 0 0 1
71.5 -50.05639222713125 1271.5562415525624 3.2227338816415276 0 0 0 1
71.6 -45.06116862595776 1268.1008686862492 5.646441204328717 0 0 0 1
71.7 -55.11317753686149 1280.7851635114198 -1.7543864382361498 0 0 0 1
71.8 -62.05211161746289 1284.7017559290598 -2.649355440558434 0 0 0 1
71.9 -64.70832085719456 1280.913810276148 12.364779253685011 0 0 0 1
72.0 -72.1106591288292 1274.9156334614513 2.0256330826847915 0 0 0 1
72.09999999999998 -69.34368818437306 1276.3223756375485 -13.2005009752023 0 0 0 1
72.2 -67.31735660886304 1274.0120341684228 10.940178505507333 0 0 0 1
72.29999999999998 -80.0165726726547 1274.0779010484655 -10.715514753988657 0 0 0 1
72.4 -78.20145796255406 1273.496214863935 6.394197097571627 0 0 0 1
72.5 -90.55692186771188 1282.3465031459882 -18.82854118133728 0 0 0 1
72.59999999999998 -102.81203442314086 1272.2337763392418 -1.4800425851455046 0 0 0 1
72.7 -99.77151139714387 1275.58305879497 -8.421894464731587 0 0 0 1
72.79999999999998 -98.64445476750977 1269.44500476267 1.2574391974411085 0 0 0 1
72.9 -107.86926415312864 1270.4233844732375 -2.594677977172495 0 0 0 1
73.0 -109.29486159508664 1276.4705117050216 -6.14059301160129 0 0 0 1
73.09999999999998 -116.58950563599178 1279.4878151087564 0.2161474396268659 0 0 0 1
73.2 -122.63508640782776 1274.967331266135 -2.5547588198292885 0 0 0 1
73.29999999999998 -122.91463843715209 1280.905908409744 -7.366141303539003 0 0 0 1
73.4 -128.73650098450724 1278.627184008214 -5.142935921973496 0 0 0 1
73.5 -127.48426680541887 1269.6819984502695 -2.4011301484304752 0 0 0 1
73.59999999999998 -126.75478567847246 1270.9768635162693 12.96429561839733 0 0 0 1
73.7 -147.63420537371977 1280.8568442263606 3.154126571126909 0 0 0 1
73.79999999999998 -142.63597819042292 1266.6853444909975 4.829456112831181 0 0 0 1
73.9 -154.64785544801447 1272.5433709185293 4.077755886419737 0 0 0 1
74.0 -142.41791487586733 1279.8826224961822 -12.416495757608466 0 0 0 1
74.09999999999998 -150.08521056542304 1280.5218375606594 -5.710728152687395 0 0 0 1
74.2 -157.0484493957155 1268.9399279821967 8.708045515481103 0 0 0 1
74.29999999999998 -159.61800419630464 1272.4919403744452 2.1012845711012886 0 0 0 1
74.4 -170.61241259899464 1278.0002167385003 1.865429868840863 0 0 0 1
74.5 -176.1698433114654 1281.878442844412 -1.6941073764352268 0 0 0 1
74.59999999999998 -182.7721963510278 1276.7176458913818 5.490694354946342 0 0 0 1
74.7 -181.13261495386593 1271.536765963081 -0.5219714355390153 0 0 0 1
74.79999999999998 -181.6840417295829 1280.654771885746 -0.4401971396045212 0 0 0 1
74.9 -180.51523259429356 1277.5297680494307 12.756464863805704 0 0 0 1
75.0 -190.57326219767108 1284.5457265409573 -2.167629531682053 0 0 0 1
75.09999999999998 -195.35957084847016 1279.5597667775994 -3.259079451858753 0 0 0 1
75.2 -193.12728907738796 1277.1845207578074 -4.7292416597542655 0 0 0 1
75.29999999999998 -197.25491549250717 1277.579936155147 0.9408276320875899 0 0 0 1
75.4 -210.34500602010155 1278.182084286676 2.07053578634617 0 0 0 1
75.5 -212.09499663009913 1283.5513209958092 -11.3489708701413 0 0 0 1
75.59999999999998 -209.07750795525445 1287.6379363914045 -10.704630940300703 0 0 0 1
75.7 -217.07253488253951 1274.3445178013403 -4.479823633174604 0 0 0 1
75.79999999999998 -217.6688193926399 1275.823374399186 -10.16443507267617 0 0 0 1
75.9 -229.21112144299477 1278.7845346772133 -15.591526638817925 0 0 0 1
76.0 -225.41571679697526 1275.4406403873118 1.4227273727630632 0 0 0 1
76.09999999999998 -241.9856137864559 1274.185212534916 6.651109613701237 0 0 0 1
76.2 -231.9106107479594 1276.957423688923 -5.805768591479321 0 0 0 1
76.29999999999998 -237.05288186689162 1278.3685151527877 2.714126073034606 0 0 0 1
76.4 -243.7047798035032 1273.1434223537722 -3.3488101597870354 0 0 0 1
76.5 -248.778031709896 1281.3379852315927 7.568394470254773 0 0 0 1
76.59999999999998 -251.98192201938218 1278.4550445024395 -7.9754571079311205 0 0 0 1
76.7 -257.5626165641643 1278.2140165529836 -5.6598171367250245 0 0 0 1
76.79999999999998 -258.64911744406186 1284.5062738707443 12.56634597449019 0 0 0 1
76.9 -261.5623705091282 1288.760862051766 7.683350829856664 0 0 0 1
77.0 -274.91523597570495 1290.163383847052 -0.27925606356264154 0 0 0 1
77.09999999999998 -264.43016778418445 1276.7855808307127 1.5066116352293335 0 0 0 1
77.2 -276.3352855715953 1281.5464793822657 0.7374823604213532 0 0 0 1
77.29999999999998 -272.27038306162535 1275.0575083829126 -0.22641039610613234 0 0 0 1
77.4 -278.65740675941686 1278.552016030871 3.35933343401328 0 0 0 1
77.5 -289.0747485418135 1276.487547205845 -2.2316027144662343 0 0 0 1
77.59999999999998 -285.1808306088716 1274.7078421897968 -2.976265424949929 0 0 0 1
77.7 -285.42752439624553 1290.1214657662715 -3.10565955112898 0 0 0 1
77.79999999999998 -301.18035224644643 1275.172162493293 -7.787412091605631 0 0 0 1
77.9 -312.96185930227716 1275.9102047232286 -12.665610670837935 0 0 0 1
78.0 -308.30950852074636 1279.9737528031778 16.174971708980365 0 0 0 1
78.09999999999998 -312.90238011783026 1287.8145128979522 -0.08769352121251472 0 0 0 1
78.2 -312.0293885916587 1268.965414448906 -1.1989776404153076 0 0 0 1
78.29999999999998 -314.56984574214937 1282.3486079862869 2.7688238563940786 0 0 0 1
78.4 -326.04379712612933 1286.3895821335789 5.532771267352331 0 0 0 1
78.5 -326.63554385113906 1280.430458508854 -12.468616556740471 0 0 0 1
78.59999999999998 -334.9385977154684 1289.9735005007526 0.09008679504771067 0 0 0 1
78.7 -333.59487361753315 1280.1794005348395 6.292080809706022 0 0 0 1
78.79999999999998 -339.0348484114991 1275.7951779523319 -6.278010211955859 0 0 0 1
78.9 -344.8463881055726 1279.7903780398033 5.026410111054986 0 0 0 1
79.0 -353.53812900750984 1281.4897922435232 -17.302485279867824 0 0 0 1
79.09999999999998 -351.4201964949833 1288.9997577112704 0.7059731285554847 0 0 0 1
79.2 -362.3467115681298 1282.806380263088 -9.438360111317195 0 0 0 1
79.29999999999998 -357.3970092973393 1291.1817637975 6.456533279661784 0 0 0 1
79.4 -369.8621674746205 1285.1255466880923 2.073674925899752 0 0 0 1
79.5 -362.96778357813093 1279.2099589753116 -1.623309688190517 0 0 0 1
79.59999999999998 -373.60308841823337 1281.7293408067783 9.001830816419414 0 0 0 1
79.7 -375.53530441908407 1275.3705193245537 5.82081359556841 0 0 0 1
79.79999999999998 -386.7011245335159 1274.4072217101893 11.846664390068383 0 0 0 1
79.9 -386.639414157254 1286.740932281848 6.975072777411128 0 0 0 1
80.0 -388.63987832834545 1274.5735620082623 2.57290916416585 0 0 0 1
80.09999999999998 -389.357997479784 1274.9595921586292 -3.867767678426276 0 0 0 1
80.2 -400.0427051942958 1279.997911009977 -1.022166273886711 0 0 0 1
80.29999999999998 -405.61054495115803 1282.2441904454784 5.913747072006402 0 0 0 1
80.4 -407.82035900798 1282.6615438226006 7.11637243162491 0 0 0 1
80.5 -415.01800906332187 1279.4984899539058 1.174098395266924 0 0 0 1
80.59999999999998 -408.1549102615884 1278.260887144836 -0.4257743117463235 0 0 0 1
80.7 -417.31400936528735 1294.3672145914702 -2.5501490158670777 0 0 0 1
80.79999999999998 -423.7371340732715 1278.2340336565696 7.324095229720797 0 0 0 1
80.9 -436.0471297101151 1281.6614350959908 0.5931259496993277 0 0 0 1
81.0 -426.60391094108445 1272.3678601438805 8.040185196404764 0 0 0 1
81.09999999999998 -430.23703506062975 1270.6073415349235 -9.598594779565417 0 0 0 1
81.2 -435.32115147096374 1276.509274076041 6.913596562368468 0 0 0 1
81.29999999999998 -444.4247334582568 1278.220472237836 -5.68520221887087 0 0 0 1
81.4 -440.1637711821506 1276.9589741560753 3.387793624296819 0 0 0 1
81.5 -443.5731910982647 1274.659634124347 -12.68915057225405 0 0 0 1
81.59999999999998 -450.50737560317395 1277.3802870160796 -0.006130634242168753 0 0 0 1
81.7 -454.669608174515 1257.010858126529 4.107937060203511 0 0 0 1
81.79999999999998 -457.7417918282129 1265.415843379088 9.026927594560703 0 0 0 1
81.9 -459.5121878438499 1269.4947928760685 -6.282733359966983 0 0 0 1
82.0 -456.5229981436257 1265.6488359772495 7.463426057591306 0 0 0 1
82.09999999999998 -473.9615076657304 1267.4845285148265 1.0624760280869339 0 0 0 1
82.2 -471.4353172180278 1244.3098491520648 -6.68282189684092 0 0 0 1
82.29999999999998 -474.04390441091823 1252.0879008049262 -5.3765834955138985 0 0 0 1
82.4 -475.4900812798588 1258.1826270112979 -0.42647389613409814 0 0 0 1
82.5 -481.39250078704634 1251.9298506040107 8.668377213194901 0 0 0 1
82.59999999999998 -476.5869891413213 1241.1297576665274 3.875486603509245 0 0 0 1
82.7 -483.6460000410775 1239.1942276322172 -0.4679204373339303 0 0 0 1
82.79999999999998 -481.7742184553399 1228.644903839637 -1.3860615145822237 0 0 0 1
82.9 -477.1492844795221 1233.9843847550212 6.990808483804358 0 0 0 1
83.0 -479.9857523511704 1226.1952359534066 -2.7807639772302366 0 0 0 1
83.09999999999998 -495.8668006626231 1219.9289175413064 5.838227920865478 0 0 0 1
83.2 -494.36855645566493 1216.010284262722 9.146954832791494 0 0 0 1
83.29999999999998 -492.28949622737497 1216.4581174904338 2.20354944443568 0 0 0 1
83.4 -484.3021034267189 1213.2249907745856 7.282371392573282 0 0 0 1
83.5 -496.2763170829564 1211.4254621085638 -6.997447545105047 0 0 0 1
83.59999999999998 -493.2999801367102 1205.7730006662246 8.263275058192022 0 0 0 1
83.7 -492.1602828744827 1216.1235622763331 -9.043446145773714 0 0 0 1
83.79999999999998 -508.6483486896061 1204.1059785122393 12.802689206374907 0 0 0 1
83.9 -513.134432577597 1200.0155241966113 -1.5757141122897735 0 0 0 1
84.0 -493.1834449119956 1195.1298992297552 -1.1337828035975122 0 0 0 1
84.09999999999998 -501.36773959621956 1189.8966506324566 6.563376262096341 0 0 0 1
84.2 -506.7598687158678 1183.502253957906 -3.333208287547137 0 0 0 1
84.29999999999998 -497.2937990408367 1183.486288665872 -10.208354309183875 0 0 0 1
84.4 -501.58599154315436 1179.6872960821222 -0.5659935163677119 0 0 0 1
84.5 -501.05375488820266 1170.225029076987 -5.949535580566447 0 0 0 1
84.59999999999998 -511.24564450759584 1169.193667485819 -1.9829992837253485 0 0 0 1
84.7 -506.6436946173103 1161.873571937619 13.974941418530875 0 0 0 1
84.79999999999998 -513.090843260647 1158.3350044200763 -4.140261027059751 0 0 0 1
84.9 -508.436653271275 1154.1186166900952 15.8872317203041 0 0 0 1
85.0 -505.8963367601761 1150.568070030532 18.92148760741523 0 0 0 1
85.09999999999998 -506.0371790733128 1150.9767767017136 0.27690810653686526 0 0 0 1
85.2 -520.006596337217 1140.7608133017895 -4.533091205124435 0 0 0 1
85.29999999999998 -508.1616360692569 1134.5552707579504 7.92718812833175 0 0 0 1
85.4 -511.7311905713135 1131.9802087093344 0.3546297724429621 0 0 0 1
85.5 -515.9996609281786 1134.2427538893628 -5.737602269723709 0 0 0 1
85.59999999999998 -516.9979849137012 1128.0374000912839 -3.360876371384336 0 0 0 1
85.7 -518.5122698338968 1125.8284894130154 -5.360892200249168 0 0 0 1
85.79999999999998 -516.31328498628 1127.1381727111964 0.4034639134131055 0 0 0 1
85.9 -518.3571743921138 1120.9337231731254 0.8213848435887314 0 0 0 1
86.0 -515.8673520925065 1105.416160713302 -3.238000363146398 0 0 0 1
86.09999999999998 -526.084010336212 1107.2301846365513 6.488855428861513 0 0 0 1
86.2 -520.940903520758 1104.405711225037 -5.015750633514699 0 0 0 1
86.29999999999998 -518.4149691079358 1096.740365147431 -4.695339320492366 0 0 0 1
86.4 -519.9920145512085 1089.5083312075835 -4.595835474222298 0 0 0 1
86.5 -513.9242535186745 1092.978893828282 -3.8362071882231987 0 0 0 1
86.59999999999998 -525.4459973557355 1086.2079188242242 -11.702703567784141 0 0 0 1
86.7 -514.4769604589155 1088.830453105008 -2.949104763497644 0 0 0 1
86.79999999999998 -522.721808418086 1080.8146157064414 1.3350305883971316 0 0 0 1
86.9 -521.4411306000998 1081.5586848462206 -3.317065723586495 0 0 0 1
87.0 -516.7149978585044 1078.801138387731 -2.4943265029052952 0 0 0 1
87.09999999999998 -522.3361489313977 1066.5149348688753 -1.9928916098925527 0 0 0 1
87.2 -520.5189156831436 1067.4283455934863 -1.3806535503895532 0 0 0 1
87.29999999999998 -523.6670459443692 1066.66432587365 -5.94784567038846 0 0 0 1
87.4 -516.2719556604168 1064.5263476819368 18.25146861802824 0 0 0 1
87.5 -513.1811778320366 1042.8862187269897 -9.064880893537946 0 0 0 1
87.59999999999998 -519.6036453724524 1056.8346483060848 9.734192442341225 0 0 0 1
87.7 -519.3365978604368 1045.1476900997025 -8.645770866746204 0 0 0 1
87.79999999999998 -529.913654773368 1033.6281113654738 6.2401228672037234 0 0 0 1
87.9 -529.1266595012503 1034.0236689848628 -2.496936050722894 0 0 0 1
88.0 -533.1461321724701 1031.0708799578138 -3.6485257845704098 0 0 0 1
88.09999999999998 -511.66794486181936 1029.4369856242 -0.34324825799106407 0 0 0 1
88.2 -532.4649812116945 1022.4952191716229 -0.6473936038815395 0 0 0 1
88.29999999999998 -522.1657360801084 1015.8329189815729 -7.84586232456985 0 0 0 1
88.4 -522.4700454563973 1018.1380948064101 1.3921677959435783 0 0 0 1
88.5 -520.3946370666993 1009.1653001794914 1.0804823178392837 0 0 0 1
88.59999999999998 -520.3371159656662 1010.8761786762615 4.653336207841505 0 0 0 1
88.7 -526.0765185827054 1002.6882675682309 -6.766380061794024 0 0 0 1
88.79999999999998 -524.313432435568 995.7326151909834 -3.6090892976394287 0 0 0 1
88.9 -522.8996116491876 1003.7894564616369 -4.547708275483444 0 0 0 1
89.0 -518.3534263428248 992.1341880885758 -10.314661658435853 0 0 0 1
89.09999999999998 -527.1585201378176 986.2804131992762 1.8642466264148538 0 0 0 1
89.2 -529.2627617908762 990.6219164318934 4.406405245330575 0 0 0 1
89.29999999999998 -526.6572686597492 983.5592856418178 10.228796466085441 0 0 0 1
89.4 -529.380662118298 983.6176703467991 5.970879238186285 0 0 0 1
89.5 -526.7128688981256 972.0256572738706 9.33905252267985 0 0 0 1
89.59999999999998 -523.008297826069 966.9200081668519 -0.8861027009373856 0 0 0 1
89.7 -530.5611378491001 964.5780056748044 -13.534995411485 0 0 0 1
89.79999999999998 -532.3345547620471 962.4451769857754 -4.868813528508468 0 0 0 1
89.9 -528.8876501924526 955.6330196573929 2.7434494876677604 0 0 0 1
90.0 -526.4337599427231 947.7833052502256 -4.528653203406321 0 0 0 1
90.1 -524.5413655434868 952.674843613682 -8.684564396101166 0 0 0 1
90.2 -535.412959928979 940.979725383424 -2.036794423266315 0 0 0 1
90.3 -525.751793552814 954.7338348255554 -0.5628497622471968 0 0 0 1
90.4 -529.7643775255289 931.9213351330122 12.950483832479705 0 0 0 1
90.5 -524.9089519142583 930.9826421642133 -5.385695064246306 0 0 0 1
90.6 -515.429370736874 933.5902378238808 -4.623123802560059 0 0 0 1
90.7 -518.2642770215124 927.2908582224652 -3.0993324901931203 0 0 0 1
90.8 -534.6124344717755 923.0085293158974 -4.015423137491325 0 0 0 1
90.9 -526.5599771754389 912.2988260709636 -8.41329320697389 0 0 0 1
91.0 -522.0488252917255 919.0057712262072 -4.691822602377897 0 0 0 1
91.1 -521.1544851598587 904.6753408996872 1.6566336139247824 0 0 0 1
91.2 -530.9785519388136 903.506152152266 -0.4919076945660663 0 0 0 1
91.3 -531.5067152197973 902.5660675473855 -11.016432034913521 0 0 0 1
91.4 -526.91665632187 891.4862317559532 -0.3130222436409156 0 0 0 1
91.5 -525.551321700807 890.459477940635 -11.230147456884595 0 0 0 1
91.6 -527.2640521290632 895.0071803893057 5.95174497259481 0 0 0 1
91.7 -526.5708257800336 889.366749773002 14.570283965251008 0 0 0 1
91.8 -531.838243119879 873.7122697236915 3.4491639192514185 0 0 0 1
91.9 -530.6057501552314 875.7757729104025 -7.223356658184656 0 0 0 1
92.0 -540.1140839349794 873.5397169718741 -11.295514171475304 0 0 0 1
92.1 -538.0480983126124 874.0585880351719 5.887567789945649 0 0 0 1
92.2 -516.532895637486 872.4233476630947 8.993992074149276 0 0 0 1
92.3 -539.3837709488121 865.678744187971 -9.774305053389298 0 0 0 1
92.4 -528.7496789137149 857.0590428447418 5.199358954501122 0 0 0 1
92.5 -525.2641789006783 851.7821533702472 -5.822872221170911 0 0 0 1
92.6 -534.8750709012767 845.2839652984864 12.78110718729846 0 0 0 1
92.7 -527.5436828980934 844.8850331930125 -4.067261536235861 0 0 0 1
92.8 -533.3119778777591 844.1289107243065 -2.56742462069235 0 0 0 1
92.9 -543.2292671548996 840.4966326994146 5.626425986860596 0 0 0 1
93.0 -527.1788998797697 833.3917523469062 -9.327777672654321 0 0 0 1
93.1 -533.5075564546141 828.2052992929844 5.323269339718053 0 0 0 1
93.2 -535.2667441894721 832.5010047617193 -0.16207237100266525 0 0 0 1
93.3 -537.1767330723201 824.9311680970613 -8.551090174101148 0 0 0 1
93.4 -531.2756514256514 812.9395663137035 -0.34508094888400365 0 0 0 1
93.5 -535.4910610876999 818.1917587434381 -4.2520598765765385 0 0 0 1
93.6 -532.0417439322532 811.3332619721293 -16.91273140602621 0 0 0 1
93.7 -537.2610141923408 809.7349019100176 -6.70648985044329 0 0 0 1
93.8 -527.3632710276258 804.5492387539769 -6.031873262396346 0 0 0 1
93.9 -527.0082915084729 801.5317894858226 -4.636327943717703 0 0 0 1
94.0 -526.3310446929454 794.1196664246858 7.957812204921424 0 0 0 1
94.1 -541.6501249271332 792.4247880945519 3.450884481017056 0 0 0 1
94.2 -528.0019511729231 785.687103378143 -4.601528409266024 0 0 0 1
94.3 -530.8305740797059 785.704130781302 6.300908754434346 0 0 0 1
94.4 -533.548239451819 780.4901037808118 4.334549691745906 0 0 0 1
94.5 -531.8085734241865 779.4657565608167 -1.9899313183214247 0 0 0 1
94.6 -543.0894493673695 772.096820077782 4.237361669171122 0 0 0 1
94.7 -533.7381921440576 767.1812567663978 -1.993353345447531 0 0 0 1
94.8 -539.096445095385 757.6794643341333 3.3863772517481436 0 0 0 1
94.9 -540.2440637715931 765.2726553665352 -1.4910275211377666 0 0 0 1
95.0 -537.7598738335943 753.1218267203247 -4.295387147972264 0 0 0 1
95.1 -529.8603848279831 752.3094663333571 -3.647156799258113 0 0 0 1
95.2 -542.81862576331 750.7398112631132 12.63041700782506 0 0 0 1
95.3 -540.4022491311297 749.1123712822895 12.054755857808374 0 0 0 1
95.4 -536.2474133957107 737.1591033748048 -1.6674461334508806 0 0 0 1
95.5 -532.4392096766665 733.3833129810147 -9.887279059657004 0 0 0 1
95.6 -539.9871474957914 730.3831981835606 0.21109990964632175 0 0 0 1
95.7 -532.1560428391489 732.0809906546655 0.6134063616661081 0 0 0 1
95.8 -530.781716531834 728.2422806790488 -7.699363953728579 0 0 0 1
95.9 -527.8302432239379 718.9043572887965 -8.096485052722727 0 0 0 1
96.0 -532.5693361696515 714.4547061775764 -3.6602883707045066 0 0 0 1
96.1 -534.3258978254701 710.7199134188241 1.7700357861440068 0 0 0 1
96.2 -533.6656188284552 706.5628467182252 -2.825220269116727 0 0 0 1
96.3 -534.5553380375947 702.2298144407317 -6.447133832305838 0 0 0 1
96.4 -541.1711847292916 694.971642396962 10.165857699304297 0 0 0 1
96.5 -538.3316617753318 695.2809123370894 0.10444215825879155 0 0 0 1
96.6 -544.2960067036639 685.966853551014 -2.430398510547377 0 0 0 1
96.7 -536.7634388703611 684.1074368947318 -1.0880342843562687 0 0 0 1
96.8 -536.9007807419163 689.554971259036 -12.843800956420239 0 0 0 1
96.9 -532.5876658165605 680.4083988723331 2.7789560433228075 0 0 0 1
97.0 -523.8119218692731 671.3452850325167 -0.015913895416105106 0 0 0 1
97.1 -542.0863127207967 678.0363164107896 -0.5189589472884677 0 0 0 1
97.2 -545.8620575207578 669.2832569318389 7.448084233643527 0 0 0 1
97.3 -548.3063531545956 672.0611540411745 2.1457995709695012 0 0 0 1
97.4 -540.0111301469993 665.0807845449825 -5.480167985987038 0 0 0 1
97.5 -536.5228147706964 643.0461837329981 -13.026347958322333 0 0 0 1
97.6 -544.4515552920923 654.8541170140285 -8.993697761001755 0 0 0 1
97.7 -535.9841109363049 647.2793488796211 10.090357980809927 0 0 0 1
97.8 -538.3317409671445 638.1569773198302 7.91633620979195 0 0 0 1
97.9 -547.6989303926125 641.0871847171458 9.558697573263373 0 0 0 1
98.0 -540.0704446862306 636.1118431509348 -1.279566122123839 0 0 0 1
98.1 -533.3987142754299 629.4161748910302 4.760573163996952 0 0 0 1
98.2 -543.7856485124892 640.2509434311949 4.637247277496272 0 0 0 1
98.3 -538.6591632547725 620.3479080900003 5.913140746106649 0 0 0 1
98.4 -528.8190206781984 621.2856353580862 -7.5500907312815 0 0 0 1
98.5 -535.7888401231583 613.0658982463683 6.302375728582263 0 0 0 1
98.6 -537.8300370339372 619.087920500284 2.794488533746261 0 0 0 1
98.7 -542.5968365550025 604.6381291384806 0.26145689357107926 0 0 0 1
98.8 -549.3673269505584 609.3361014458657 -9.477373469079112 0 0 0 1
98.9 -532.8588323671569 594.521984787437 4.114405463259942 0 0 0 1
99.0 -541.4533674994544 596.9439928030873 -11.878197985275335 0 0 0 1
99.1 -536.9095003166797 594.5559064116718 -7.069024915708752 0 0 0 1
99.2 -544.1994894963043 594.931591297483 12.393357972844086 0 0 0 1
99.3 -537.6713430468398 579.8496920797202 1.7386335978164027 0 0 0 1
99.4 -548.7882838884061 582.0821917871737 7.8617256992370415 0 0 0 1
99.5 -542.2457004203651 579.0326814956614 -5.1697237432312875 0 0 0 1
99.6 -535.6044555427022 570.1007899438837 3.0325465919209478 0 0 0 1
99.7 -539.786351979833 571.3660114846041 7.383485794769882 0 0 0 1
99.8 -540.9251600004401 562.0800292228248 -11.095696123945373 0 0 0 1
99.9 -543.7648323855784 567.4948053364144 9.790046711564088 0 0 0 1
100.0 -538.9022852498816 547.8980992420256 -2.0224766215908687 0 0 0 1
100.1 -545.6050619164441 549.7469201434518 7.117253225017464 0 0 0 1
100.2 -550.247108173876 545.1735979384579 -7.948311693939701 0 0 0 1
100.3 -527.7877889634975 538.2301727574845 3.7775239150271602 0 0 0 1
100.4 -540.5109070377816 539.7403331907684 -9.202371426890181 0 0 0 1
100.5 -541.1229657961112 532.555213401614 0.9642801187605698 0 0 0 1
100.6 -532.447159457422 527.4466654310723 0.9406922609663013 0 0 0 1
100.7 -539.9020004093795 519.0028008802794 1.6293356083040749 0 0 0 1
100.8 -548.8537467000297 523.003291199149 -10.058442256963815 0 0 0 1
100.9 -548.5919510145945 522.5405660367026 4.17491205612248 0 0 0 1
101.0 -539.4066816303281 512.4564767874882 3.648464346085518 0 0 0 1
101.1 -542.4952472566176 510.1346174695822 -2.983128157916184 0 0 0 1
101.2 -546.8288755204258 500.5772506818137 8.521976567480067 0 0 0 1
101.3 -535.9726877937766 505.80577299216645 -7.833251359422519 0 0 0 1
101.4 -549.7091405791579 497.27545056980557 -3.751795295006758 0 0 0 1
101.5 -547.1664268304894 487.2345127490905 2.944082598263236 0 0 0 1
101.6 -548.6923657365951 489.13592648035865 21.75579831754237 0 0 0 1
101.7 -545.9199330499488 493.089219739875 3.5646437931020785 0 0 0 1
101.8 -538.9861793752852 476.83152673718354 3.0520589165252545 0 0 0 1
101.9 -539.1293060177154 478.96104031641966 5.046134563949778 0 0 0 1
102.0 -542.6371210662037 478.94586427729956 12.325933726419379 0 0 0 1
102.1 -540.2353368167966 467.4960027086213 5.520207445587715 0 0 0 1
102.2 -537.3382436228771 467.43156342615066 2.6789792510759582 0 0 0 1
102.3 -536.9352780444356 471.97638588209105 3.6796921719080444 0 0 0 1
102.4 -542.3314536131256 451.41894212013557 -10.353507065189206 0 0 0 1
102.5 -554.9591682120551 453.6913862096452 -4.366123137040773 0 0 0 1
102.6 -545.7207036627365 451.6991626454349 12.326577713717427 0 0 0 1
102.7 -541.9650661371976 445.212194051935 13.039478387003754 0 0 0 1
102.8 -544.0791183138512 439.43517896175126 -4.112209425512077 0 0 0 1
102.9 -541.6740280382228 432.6608506253366 -0.3706072463657506 0 0 0 1
103.0 -544.2383368179876 441.21265828914034 -3.971369595986289 0 0 0 1
103.1 -551.6791074198902 437.4112763105017 -3.1118709534244715 0 0 0 1
103.2 -546.1573166430987 431.6240848116735 0.9086865157706541 0 0 0 1
103.3 -548.6888950192358 422.6083293596049 0.15809965255476754 0 0 0 1
103.4 -545.2554850634144 425.0304007808714 3.8124722872706798 0 0 0 1
103.5 -544.3510596881189 422.20122898397545 4.137099853470289 0 0 0 1
103.6 -551.6673807647618 407.7506387093321 -0.8681117888903316 0 0 0 1
103.7 -548.0080290654591 407.00382364703347 -10.254982796937583 0 0 0 1
103.8 -545.8483184259796 410.76397596157256 9.945986435564777 0 0 0 1
103.9 -546.5824697522246 397.499022924736 -8.23903552261558 0 0 0 1
104.0 -549.1329069190024 394.24575830769186 -6.292481775002614 0 0 0 1
104.1 -546.6843600422592 393.3734046489341 3.527599446172758 0 0 0 1
104.2 -548.5439822566314 395.13624863957716 -0.4726319517541526 0 0 0 1
104.3 -541.5621363878467 386.3553080503516 14.12721709249783 0 0 0 1
104.4 -551.4360491651669 382.33897981227994 5.148793749588208 0 0 0 1
104.5 -543.0316006493881 377.55304257080616 8.662434446018068 0 0 0 1
104.6 -543.988212376474 373.0361821937456 -2.1622043186560234 0 0 0 1
104.7 -553.1465282467527 374.83857647533256 6.026787928936471 0 0 0 1
104.8 -551.9445169340008 358.79912752846195 -5.631066816543722 0 0 0 1
104.9 -537.2804758421373 366.1567473565729 -0.2976534643173352 0 0 0 1
105.0 -547.6636490548434 354.4774577428255 -3.020398380366828 0 0 0 1
105.1 -543.3317343945688 348.6444679679571 -0.763093509872931 0 0 0 1
105.2 -546.1835509396531 344.2733925588194 1.3254404263199433 0 0 0 1
105.3 -540.889080441104 346.64113175259155 2.091988087068046 0 0 0 1
105.4 -546.3186416273682 339.3665734819273 1.6522151781429102 0 0 0 1
105.5 -551.8654330070792 334.03737209972087 -16.366258715477443 0 0 0 1
105.6 -542.0821984286117 333.11658090654157 3.6428713569456193 0 0 0 1
105.7 -549.1873190990216 320.3881090096859 6.392573970758463 0 0 0 1
105.8 -551.1992393851856 330.1616686486912 -3.552941877970369 0 0 0 1
105.9 -542.5847671172678 325.7511121114381 7.286336129389127 0 0 0 1
106.0 -540.8722063925583 314.7461610085933 -7.208068322928426 0 0 0 1
106.1 -552.197517158424 307.0345482162034 -0.5527059029545569 0 0 0 1
106.2 -556.0164470222442 311.4384755741594 -8.96093850143805 0 0 0 1
106.3 -553.2480660581779 298.8513417702154 2.9331501493793724 0 0 0 1
106.4 -536.4537416882224 302.8689626930622 -4.53471454460913 0 0 0 1
106.5 -549.7282148978117 295.7998058522976 13.751820513164773 0 0 0 1
106.6 -543.3928633353173 285.85019857589066 10.377378802785728 0 0 0 1
106.7 -549.9323211375734 288.00838369682805 1.2906782088505793 0 0 0 1
106.8 -548.7857695529708 292.7165976501956 13.1612986761628 0 0 0 1
106.9 -551.7591933219425 295.53220451364217 0.01626493824258546 0 0 0 1
107.0 -552.7089858913813 284.41762483008097 9.475443851226913 0 0 0 1
107.1 -544.0120758878272 259.60900538444076 5.231548935255802 0 0 0 1
107.2 -554.063147644677 269.37915338439484 8.048686604190209 0 0 0 1
107.3 -543.5349234498711 253.74816611360217 -3.9253673051880753 0 0 0 1
107.4 -540.1325420673456 268.59758004415346 7.473426771198348 0 0 0 1
107.5 -548.1804771197225 261.77158694623415 -11.822764567322736 0 0 0 1
107.6 -549.8490740240474 246.6868586605464 -0.20838673158388588 0 0 0 1
107.7 -557.8064014454483 259.7919900793495 2.020170846822907 0 0 0 1
107.8 -556.7092951727933 237.020332835154 1.3785440342665254 0 0 0 1
107.9 -551.1728768137588 232.57945162469014 -5.432329983358386 0 0 0 1
108.0 -549.3650295469563 235.51411915219484 3.8739205453821626 0 0 0 1
108.1 -556.2644895991489 231.26874017500216 -8.537896054254816 0 0 0 1
108.2 -548.8084608455639 222.2807651804704 3.98614099283094 0 0 0 1
108.3 -556.5262501817735 222.45917290459056 -10.249541582764635 0 0 0 1
108.4 -554.5933440729489 218.69960554823643 13.45169759890888 0 0 0 1
108.5 -549.0079904718946 218.1425923043406 -1.339185583098498 0 0 0 1
108.6 -556.0322535591567 205.0685044986098 0.9737872331707251 0 0 0 1
108.7 -559.6790062986327 207.72338299196514 1.56497434119197 0 0 0 1
108.8 -550.9269815329923 210.80110592277225 2.0271238368025593 0 0 0 1
108.9 -567.5972744482709 201.34196392322346 0.7394707987234597 0 0 0 1
109.0 -553.1861963365882 193.33028900755127 0.7611270869107329 0 0 0 1
109.1 -554.8334466890763 191.92105356855768 -3.212184580096988 0 0 0 1
109.2 -554.482302634917 196.3612708664558 7.609466006410912 0 0 0 1
109.3 -561.2333626526108 184.33007968099446 -12.422477111546527 0 0 0 1
109.4 -557.5207986369858 170.60121476425329 6.271164600192407 0 0 0 1
109.5 -546.376582501766 181.08721193964473 0.9363880760188295 0 0 0 1
109.6 -553.1287967549833 171.98031792727414 -0.20232880460559954 0 0 0 1
109.7 -553.6527695976499 175.92257019098668 -8.385165495010284 0 0 0 1
109.8 -554.9077510648368 163.52581566030403 0.17935297776944026 0 0 0 1
109.9 -555.1572557279585 167.55374946043906 -3.726377905654033 0 0 0 1
110.0 -558.941770061461 153.54610246060622 0.6949412804314079 0 0 0 1
110.1 -557.9937714723278 152.02104385240852 6.879541404636797 0 0 0 1
110.2 -556.3500529833692 140.80158606196983 5.250288652711674 0 0 0 1
110.3 -554.4328298194546 137.8407433533037 -5.874679137589055 0 0 0 1
110.4 -559.8035155302441 143.70166556531365 0.6521364838042985 0 0 0 1
110.5 -558.7046090110125 135.96583519774154 -0.6844346301272424 0 0 0 1
110.6 -549.9430513698359 135.9496022561183 -3.4152280533816395 0 0 0 1
110.7 -551.8849617576899 129.52230665488594 -10.248782436288167 0 0 0 1
110.8 -565.240179279159 128.19523263400527 1.0471150011503028 0 0 0 1
110.9 -564.3149324514386 120.78294941550934 13.66928373339772 0 0 0 1
111.0 -543.697174810727 114.81798028214817 10.43523604022434 0 0 0 1
111.1 -550.2340789045018 110.19609572662915 -0.41071251774073403 0 0 0 1
111.2 -558.662536530027 113.12025843065766 2.513213387950856 0 0 0 1
111.3 -560.0505083949317 105.38392591676232 -1.856480398779638 0 0 0 1
111.4 -543.7545755561272 100.9533011784064 3.6069969327363935 0 0 0 1
111.5 -547.126152192986 96.73917488941002 -0.8129263859246976 0 0 0 1
111.6 -535.8795569233479 93.16045510757598 -8.235264310840222 0 0 0 1
111.7 -541.2928952429268 86.39819398407589 7.5682823004910915 0 0 0 1
111.8 -537.5426753038319 92.96896498035765 -1.2155382140969095 0 0 0 1
111.9 -533.6954755915925 86.24965126970771 -14.423176342682751 0 0 0 1
112.0 -542.544341133561 81.4935557669264 -3.6409337727942273 0 0 0 1
112.1 -529.2575399120568 82.62756217747803 -4.766742255887152 0 0 0 1
112.2 -528.9550303029109 78.08217300948868 8.821366987007735 0 0 0 1
112.3 -526.207544027776 84.7836524744765 2.991644490730181 0 0 0 1
112.4 -522.344439776139 69.46977571605419 -3.6754700468589476 0 0 0 1
112.5 -520.6480268599432 69.95975616576794 4.297770735176982 0 0 0 1
112.6 -512.6152012074479 61.84852976715412 -8.653685790437748 0 0 0 1
112.7 -511.4809303978569 60.924798278801816 -1.3198492697834467 0 0 0 1
112.8 -504.09012293471477 55.52711935972117 -3.9068396030289705 0 0 0 1
112.9 -503.8446938133372 62.94079635361379 -1.3451589779100175 0 0 0 1
113.0 -502.12602777367454 62.37188047839075 3.8942057652787696 0 0 0 1
113.1 -506.5418935224402 58.78166705451622 -8.470634579971318 0 0 0 1
113.2 -489.17170520185033 61.69083813321359 7.357703836529765 0 0 0 1
113.3 -494.0163398884574 51.292714311118075 6.236063057508602 0 0 0 1
113.4 -495.0197300907289 48.95229126956764 -7.8111139834767584 0 0 0 1
113.5 -487.04568947524547 47.64353113098662 6.817313146936243 0 0 0 1
113.6 -490.90565374211883 47.63357636962712 7.324312456652848 0 0 0 1
113.7 -471.5738492456168 48.71706378126609 -1.1921197525212506 0 0 0 1
113.8 -473.71877385678437 53.861040933438375 -5.837572648120471 0 0 0 1
113.9 -471.2081437527829 42.89405850332581 -4.6206289214412095 0 0 0 1
114.0 -466.5014163343042 45.98694824495192 -11.330439674730144 0 0 0 1
114.1 -472.6216401671923 35.94976900794501 -5.7039998931016385 0 0 0 1
114.2 -456.55782443890376 45.53273378918888 3.907849750267559 0 0 0 1
114.3 -455.1330703724191 44.118726632723906 0.26382960384646026 0 0 0 1
114.4 -446.7229348119143 44.22143238020119 13.379845464301752 0 0 0 1
114.5 -436.7126331711273 34.20292501853895 -5.57717784631555 0 0 0 1
114.6 -440.71359728677345 33.856981028976804 -4.244667869396665 0 0 0 1
114.7 -437.35015491172595 35.08443963170072 -2.048912339736461 0 0 0 1
114.8 -443.3563978047939 38.04088270395394 3.54141646586649 0 0 0 1
114.9 -434.1943584513786 28.557493482932955 -2.8920748034019823 0 0 0 1
115.0 -430.3856258098683 31.5350214979011 5.857685367208433 0 0 0 1
115.1 -420.02748810948407 37.131398128900216 -0.35472822932567283 0 0 0 1
115.2 -418.4775300588452 25.118258907735722 0.24109373430638925 0 0 0 1
115.3 -422.53369722267826 32.28902313135838 9.410225260951847 0 0 0 1
115.4 -408.2535193616209 23.664054319510214 3.708556821952584 0 0 0 1
115.5 -399.56011291934715 30.669561896159735 -8.91447133378415 0 0 0 1
115.6 -401.56619352292705 34.27886933075686 4.350723279322239 0 0 0 1
115.7 -414.33581912316225 26.537977863387397 -3.7393373836577553 0 0 0 1
115.8 -398.7778063394857 28.246787226314424 -2.602409986532109 0 0 0 1
115.9 -389.64634242749366 22.113426799030762 -9.056921275765433 0 0 0 1
116.0 -390.73709405218057 31.046849789804256 -1.331939932132741 0 0 0 1
116.1 -389.4809589466737 33.14718002480106 -0.43085906401475427 0 0 0 1
116.2 -381.51681449173867 17.64835356164393 -5.3231077038242915 0 0 0 1
116.3 -380.3616068758082 28.05830070373686 16.513604105217468 0 0 0 1
116.4 -366.38253166251116 21.66570841305562 11.983021269521373 0 0 0 1
116.5 -360.9152773654822 22.04889010167726 -7.1697664439633115 0 0 0 1
116.6 -363.6178370832031 21.64786092319892 4.102710235680064 0 0 0 1
116.7 -363.26647014166787 17.42555142075986 4.890068544447615 0 0 0 1
116.8 -350.70742272359223 21.980581486475835 6.274224508634887 0 0 0 1
116.9 -352.6683005025563 20.531726817042085 -3.784265978903335 0 0 0 1
117.0 -343.8849078444637 26.810675974190907 -0.37741565566150825 0 0 0 1
117.1 -343.761073541772 14.513350771033046 -1.0066696099850674 0 0 0 1
117.2 -333.763108265228 25.44506112798306 2.779220910390052 0 0 0 1
117.3 -329.78636042371954 17.548025529919556 -7.009016179209425 0 0 0 1
117.4 -326.2071686051383 25.325668446327107 3.206909164651478 0 0 0 1
117.5 -325.4809959922838 26.9394472408556 1.3769100329425044 0 0 0 1
117.6 -320.6615610426832 20.096364509931 -2.651981963041891 0 0 0 1
117.7 -323.0428630044143 13.096041157718979 7.142476534966335 0 0 0 1
117.8 -314.47098947947677 22.11140409043037 -1.7666449348187427 0 0 0 1
117.9 -317.95742724043964 13.139512531401465 -0.39423496569818894 0 0 0 1
118.0 -309.3341416705707 23.078082448984908 -6.398076051294794 0 0 0 1
118.1 -304.6118975276169 13.184267808395234 9.618722886339569 0 0 0 1
118.2 -301.4537756070083 22.745093000930474 -14.898291883797839 0 0 0 1
118.3 -297.6666926355344 23.744859224612583 -6.139071802831722 0 0 0 1
118.4 -288.61698105657376 22.47186379552027 1.2778708009651183 0 0 0 1
118.5 -292.9953837807549 12.484319952591584 -14.49667269681359 0 0 0 1
118.6 -283.6023055779915 17.962870357921112 9.732226025126735 0 0 0 1
118.7 -272.6508983101619 13.361569449805557 -4.06991474151728 0 0 0 1
118.8 -262.5195450023115 8.244899321610625 -14.693284737088504 0 0 0 1
118.9 -276.74345401139544 13.74556694992728 -5.356248583779077 0 0 0 1
119.0 -265.8138470054531 24.024078229810954 -1.6036620817893947 0 0 0 1
119.1 -272.19690239437625 11.860540268832708 -8.453603629428414 0 0 0 1
119.2 -249.67974382285644 11.782010475106702 -2.2253127667455033 0 0 0 1
119.3 -249.5396855491946 5.966453074542535 7.221038812916348 0 0 0 1
119.4 -251.50810217494336 12.415691553346804 -9.235135522894396 0 0 0 1
119.5 -246.02422003281598 3.4478437400779214 -1.7707452990162977 0 0 0 1
119.6 -244.68059113896155 19.450639857582296 -14.582411440923721 0 0 0 1
119.7 -238.91924623188248 7.127816240968862 -10.215467884604365 0 0 0 1
119.8 -243.69028432147104 13.456911981149233 -3.7004638896513313 0 0 0 1
119.9 -233.2760401189297 14.70527454982713 2.9608671537588265 0 0 0 1
